"1CBAT",1,-70.5,-50,-75.5,39.5,,5,"A";
"1CBAT",2,-63.0,28.0,-68.0,33.0,,5,"A";
"1CBBT",1,-70.5,-50,-75.5,39.5,,5,"A";
"1CBBT",2,-63.0,28.0,-68.0,33.0,,5,"A";
"1CRAT",1,-137.0,-100,-142.0,100.0,,5,"A";
"1CRAT",2,-130.0,50.0,-135.0,100.0,,5,"A";
"1CRBT",1,-137.0,-100,-142.0,100.0,,5,"A";
"1CRBT",2,-130.0,50.0,-135.0,100.0,,5,"A";
"1DACTBT",1,-40,20,-52.5,39.5,,5,"A";
"1DACTBT",2,-20.5,19.5,-25.5,24.5,,5,"A";
"1DEAMZT",1,-20,20,-37.5,40.5,,5,"A";
"1DEAMZT",2,-17.5,30.5,-22.5,35.5,,5,"A";
"1DPAMYT",1,-20,20,-37.5,40.5,,5,"A";
"1DPAMYT",2,-17.5,35.5,-22.5,40.5,,5,"A";
"1DPAMZT",1,-20,20,-37.5,40.5,,5,"A";
"1DPAMZT",2,-17.5,35.5,-22.5,40.5,,5,"A";
"1MAHCAT",1,210.0,500.0,200.0,600.0,,5,"A";
"1MAHCBT",1,210.0,500.0,200.0,600.0,,5,"A";
"1MAHOAT",1,210.0,500.0,200.0,600.0,,5,"A";
"1MAHOBT",1,210.0,500.0,200.0,600.0,,5,"A";
"1OAHAT",1,-40,20,-56.5,36.5,,5,"A";
"1OAHAT",2,-39.5,16.5,-44.5,21.5,,5,"A";
"1OAHBT",1,-40,20,-56.5,36.5,,5,"A";
"1OAHBT",2,-39.5,16.5,-44.5,21.5,,5,"A";
"1PDEAAT",1,-10,50,-36.5,58.5,,5,"A";
"1PDEAAT",2,-21.5,53.5,-26.5,58.5,,5,"A";
"1PDEABT",1,-10,50,-36.5,58.5,,5,"A";
"1PDEABT",2,-21.5,53.5,-26.5,58.5,,5,"A";
"1PIN1AT",1,-20,30,-36.5,36.5,,5,"A";
"1PIN1AT",2,-21.5,31.5,-26.5,36.5,,5,"A";
"1SSMYT",1,-20,20,-37.5,40.5,,5,"A";
"1SSMYT",2,-17.5,35.5,-22.5,40.5,,5,"A";
"1SSPYT",1,-20,20,-37.5,40.5,,5,"A";
"1SSPYT",2,-17.5,30.5,-22.5,35.5,,5,"A";
"1VAHCAT",1,210.0,500.0,200.0,600.0,,5,"A";
"1VAHCBT",1,210.0,500.0,200.0,600.0,,5,"A";
"1VAHOAT",1,210.0,500.0,200.0,600.0,,5,"A";
"1VAHOBT",1,210.0,500.0,200.0,600.0,,5,"A";
"1WRAT",1,-90,-50,-103.5,87.0,,5,"A";
"1WRAT",2,-88.0,50.0,-93.0,87.0,,5,"A";
"1WRBT",1,-90,-50,-103.5,87.0,,5,"A";
"1WRBT",2,-88.0,50.0,-93.0,87.0,,5,"A";
"2C05PALV",2,0.0,50.0,-10.0,60.0,,5,"A";
"2C05PALV",1,4.8,5.2,4.5,5.5,,5,"A";
"2C15NALV",2,-50.0,0.0,-60.0,10.0,,5,"A";
"2C15NALV",1,-15.5,-14.5,-17.0,-13.0,,5,"A";
"2C15PALV",2,0.0,50.0,-10.0,60.0,,5,"A";
"2C15PALV",1,14.5,15.5,13.0,17.0,,5,"A";
"2C24PALV",2,0.0,50.0,-10.0,60.0,,5,"A";
"2C24PALV",1,23.5,24.5,22.0,26.0,,5,"A";
"2CALPALV",2,-1.0,256.0,-2.0,257.0,,5,"A";
"2CALPALV",1,126.0,128.0,125.0,129.0,,5,"A";
"2CBHUAST",2,-1.0,256.0,-2.0,257.0,,5,"A";
"2CBHUAST",1,254.0,256.0,253.0,257.0,,5,"A";
"2CBHVAST",2,-1.0,256.0,-2.0,257.0,,5,"A";
"2CBHVAST",1,254.0,256.0,253.0,257.0,,5,"A";
"2CBLUAST",2,-1.0,256.0,-2.0,257.0,,5,"A";
"2CBLUAST",1,-1.0,1.0,-2.0,2.0,,5,"A";
"2CBLVAST",2,-1.0,256.0,-2.0,257.0,,5,"A";
"2CBLVAST",1,-1.0,1.0,-2.0,2.0,,5,"A";
"2CE00ATM",2,-150.0,150.0,-200.0,200.0,,5,"A";
"2CE00ATM",1,-32.0,45.0,-35.0,50.0,,5,"A";
"2CE01ATM",2,-150.0,150.0,-200.0,200.0,,5,"A";
"2CE01ATM",1,-32.0,45.0,-35.0,50.0,,5,"A";
"2CEAHVPT",1,0,35,-37.5,47.5,,5,"A";
"2CHTRPZT",1,0,35,-37.5,37.5,,5,"A";
"2CONDMXT",1,0,35,-37.5,47.5,,5,"A";
"2DCENTRT",1,0,35,-12.5,37.5,,5,"A";
"2DTSTATT",1,0,35,-15.0,37.5,,5,"A";
"2FCPUAST",2,-1.0,256.0,-2.0,257.0,,5,"A";
"2FCPUAST",1,-1.0,1.0,-2.0,2.0,,5,"A";
"2FCPVAST",2,-1.0,256.0,-2.0,257.0,,5,"A";
"2FCPVAST",1,-1.0,1.0,-2.0,2.0,,5,"A";
"2FE00ATM",2,-150.0,150.0,-200.0,200.0,,5,"A";
"2FE00ATM",1,-32.0,45.0,-35.0,50.0,,5,"A";
"2FEPRATM",2,-150.0,150.0,-200.0,200.0,,5,"A";
"2FEPRATM",1,-32.0,50.0,-35.0,55.0,,5,"A";
"2FHTRMZT",1,0,35,-37.5,37.5,,5,"A";
"2FRADPYT",1,0,35,-40.0,37.5,,5,"A";
"2GRDVALV",1,140.0,142.0,139.0,143.0,,5,"A";
"2GRDVALV",2,149.0,151.0,148.0,152.0,,5,"A";
"2IMBPAST",1,-1.0,92.0,-2.0,93.0,,5,"A";
"2IMBPAST",2,-1.0,1.0,-2.0,2.0,,5,"A";
"2IMHBLV",1,85.0,128.0,84.0,129.0,,5,"A";
"2IMHBLV",2,126.0,128.0,125.0,129.0,,5,"A";
"2IMHVATM",2,-150.0,150.0,-200.0,200.0,,5,"A";
"2IMHVATM",1,-32.0,50.0,-35.0,55.0,,5,"A";
"2IMHVLV",1,78.0,128.0,77.0,129.0,,5,"A";
"2IMHVLV",2,126.0,128.0,125.0,129.0,,5,"A";
"2IMINATM",2,-150.0,150.0,-200.0,200.0,,5,"A";
"2IMINATM",1,-12.0,35.0,-15.0,40.0,,5,"A";
"2IMTPAST",1,-1.0,80.0,-2.0,81.0,,5,"A";
"2IMTPAST",2,-1.0,1.0,-2.0,2.0,,5,"A";
"2LLDIALV",2,-1.0,256.0,-2.0,257.0,,5,"A";
"2LLDIALV",1,130.0,132.0,129.0,133.0,,5,"A";
"2LVPLATM",2,-150.0,150.0,-200.0,200.0,,5,"A";
"2LVPLATM",1,-32.0,50.0,-35.0,55.0,,5,"A";
"2N15VAVL",2,-0.5,0.5,-1.0,1.0,,5,"A";
"2N15VAVL",1,-16.0,-14.0,-17.0,-13.0,,5,"A";
"2N15VBVL",1,-0.5,0.5,-1.0,1.0,,5,"A";
"2P05VAVL",2,-0.25,1.0,-0.5,1.5,,5,"A";
"2P05VAVL",1,4.5,5.25,4.0,5.5,,5,"A";
"2P05VBVL",1,-0.25,1.0,-0.5,1.5,,5,"A";
"2P15VAVL",2,-0.25,1.0,-0.5,1.5,,5,"A";
"2P15VAVL",1,14.0,16.0,13.0,17.0,,5,"A";
"2P15VBVL",1,-0.25,1.0,-0.5,1.5,,5,"A";
"2P24VAVL",2,-0.25,1.0,-0.5,1.5,,5,"A";
"2P24VAVL",1,23.0,25.0,22.0,26.0,,5,"A";
"2P24VBVL",1,-0.25,1.0,-0.5,1.5,,5,"A";
"2PMT1T",1,0,35,-37.5,47.5,,5,"A";
"2PMT2T",1,0,35,-37.5,47.5,,5,"A";
"2PRBSCR",2,-9.0,9.0,-10.0,10.0,,5,"A";
"2PRBSCR",1,1.239,1.921,0.898,2.262,,5,"A";
"2PRBSVL",2,-40.0,40.0,-50.0,50.0,,5,"A";
"2PRBSVL",1,23.0,34.0,22.0,35.0,,5,"A";
"2RSRFALV",2,-1.0,256.0,-2.0,257.0,,5,"A";
"2RSRFALV",1,172.0,174.0,171.0,175.0,,5,"A";
"2S1HVLV",2,-1.0,256.0,-2.0,257.0,,5,"A";
"2S1HVLV",1,80.0,128.0,79.0,129.0,,5,"A";
"2S1HVST",2,-1.0,16.0,-2.0,17.0,,5,"A";
"2S1HVST",1,-1.0,13.0,-2.0,14.0,,5,"A";
"2S2HVLV",2,-1.0,256.0,-2.0,257.0,,5,"A";
"2S2HVLV",1,126.0,128.0,125.0,129.0,,5,"A";
"2S2HVST",2,-1.0,16.0,-2.0,17.0,,5,"A";
"2S2HVST",1,-1.0,1.0,-2.0,2.0,,5,"A";
"2SHEV1RT",2,-1.0,65536.0,-2.0,65537.0,,5,"A";
"2SHEV1RT",1,-1.0,150.0,-2.0,200.0,,5,"A";
"2SHEV2RT",2,-1.0,65536.0,-2.0,65537.0,,5,"A";
"2SHEV2RT",1,-1.0,150.0,-2.0,200.0,,5,"A";
"2SMTRATM",2,-150.0,150.0,-200.0,200.0,,5,"A";
"2SMTRATM",1,-17.0,45.0,-20.0,50.0,,5,"A";
"2SPBPAST",1,-1.0,1.0,-2.0,2.0,,5,"A";
"2SPBPAST",2,-1.0,103.0,-2.0,104.0,,5,"A";
"2SPHBLV",1,126.0,128.0,125.0,129.0,,5,"A";
"2SPHBLV",2,79.0,128.0,78.0,129.0,,5,"A";
"2SPHVATM",2,-150.0,150.0,-200.0,200.0,,5,"A";
"2SPHVATM",1,-32.0,50.0,-35.0,55.0,,5,"A";
"2SPHVLV",1,126.0,128.0,125.0,129.0,,5,"A";
"2SPHVLV",2,72.0,128.0,71.0,129.0,,5,"A";
"2SPINATM",2,-150.0,150.0,-200.0,200.0,,5,"A";
"2SPINATM",1,-12.0,35.0,-15.0,40.0,,5,"A";
"2SPTPAST",1,-1.0,1.0,-2.0,2.0,,5,"A";
"2SPTPAST",2,-1.0,91.0,-2.0,92.0,,5,"A";
"2TLEV1RT",2,-1.0,65536.0,-2.0,65537.0,,5,"A";
"2TLEV1RT",1,-1.0,50.0,-2.0,100.0,,5,"A";
"2TLEV2RT",2,-1.0,65536.0,-2.0,65537.0,,5,"A";
"2TLEV2RT",1,-1.0,50.0,-2.0,100.0,,5,"A";
"2ULDIALV",2,-1.0,256.0,-2.0,257.0,,5,"A";
"2ULDIALV",1,254.0,256.0,253.0,257.0,,5,"A";
"2UVLSPXT",1,0,35,-47.5,47.5,,5,"A";
"2VLEV1RT",2,-1.0,65536.0,-2.0,65537.0,,5,"A";
"2VLEV1RT",1,-1.0,50.0,-2.0,100.0,,5,"A";
"2VLEV2RT",2,-1.0,65536.0,-2.0,65537.0,,5,"A";
"2VLEV2RT",1,-1.0,50.0,-2.0,100.0,,5,"A";
"2WDTHAST",2,-1.0,256.0,-2.0,257.0,,5,"A";
"2WDTHAST",1,2.0,4.0,1.0,5.0,,5,"A";
"3BTU_BPT",1,-30,20,-62.5,52.5,,5,"A";
"3FABRAAT",1,-20,35,-48.0,80.0,,5,"A";
"3FABRCAT",1,-20,35,-48.0,80.0,,5,"A";
"3FAFLAAT",1,-22.0,20.0,-25.0,24.0,,5,"A";
"3FAFLBAT",1,-22.0,20.0,-25.0,24.0,,5,"A";
"3FAFLCAT",1,-22.0,30,-25.0,35,,5,"A";
"3FAMTRAT",1,-20,20,-48.0,50.0,,5,"A";
"3FAMYZAT",1,-20,35,-48.0,80.0,,5,"A";
"3FAPOS",1,-11313.0,6462.0,-11580.0,6749.0,,5,"A";
"3FAPSAT",1,-20,60,-39.5,67.5,,5,"A";
"3FAPYZAT",1,-20,35,-48.0,80.0,,5,"A";
"3FARALAT",1,-20,35,-48.0,80.0,,5,"A";
"3FASEAAT",1,-20,30.0,-39.5,35.5,,5,"A";
"3FLCABPT",1,-20,20,-37.5,37.5,,5,"A";
"3LDRTPOS",1,-10.0,250.0,-25.0,500.0,,5,"A";
"3MRMMXMV",1,-2.0,11.0,-3.0,13.0,,5,"A";
"3RCTUBPT",1,-20,20,-42.5,42.5,,5,"A";
"3SFLXAST",1,-80.0,30.0,-100.0,50.0,,5,"A";
"3SFLXBST",1,-80.0,30.0,-100.0,50.0,,5,"A";
"3SFLXCST",1,-80.0,30.0,-100.0,50.0,,5,"A";
"3SMOTOC",1,-2.0,10.0,-3.0,100.0,,5,"A";
"3SMOTSTL",1,-2.0,1.0,-3.0,5.0,,5,"A";
"3TRMTRAT",1,-30,45.0,-48.0,50.0,,5,"A";
"3TSCPOS",1,-103951.0,104445.0,-104428.0,104923.0,,5,"A";
"3TSMXCET",1,-120.0,-10,-125.0,80.0,,5,"A";
"3TSMXSPT",1,-70,10,-125.0,80.0,,5,"A";
"3TSMYDPT",1,-70,-10,-125.0,80.0,,5,"A";
"3TSPYFET",1,-70,-10,-125.0,80.0,,5,"A";
"3TSPZDET",1,-40,20,-125.0,80.0,,5,"A";
"3TSPZSPT",1,-40,20,-125.0,80.0,,5,"A";
"3TTACS1T",1,-20,20,-54.5,80.0,,5,"A";
"3TTACS2T",1,-20,20,-54.5,80.0,,5,"A";
"3TTACS3T",1,-20,20,-54.5,80.0,,5,"A";
"3TTBRGBT",1,-40,20,-54.5,80.0,,5,"A";
"3TTHRC1T",1,-30,20,-54.5,80.0,,5,"A";
"3TTHRC2T",1,-30,20,-54.5,80.0,,5,"A";
"3TTHRC3T",1,-30,20,-54.5,80.0,,5,"A";
"3TTRALAT",1,-50,10,-67.5,80.0,,5,"A";
"3TTRALCT",1,-25,10,-54.5,80.0,,5,"A";
"3TTVALVT",1,-50,10,-77.0,80.0,,5,"A";
"4ALL1AT",1,-1099,1099,-1100,1100,,5,"A";
"4ALL1BT",1,-1099,1099,-1100,1100,,5,"A";
"4ALL2AT",1,-1099,1099,-1100,1100,,5,"A";
"4ALL2BT",1,-1099,1099,-1100,1100,,5,"A";
"4CSDHAV",2,-1099.0,1099.0,-1100.0,1100.0,,5,"A";
"4CSDHAV",1,2.35,2.65,2.25,2.75,,5,"A";
"4CSDHBV",1,-1099.0,1099.0,-1100.0,1100.0,,5,"A";
"4CSDHBV",2,2.35,2.65,2.25,2.75,,5,"A";
"4CSDOAV",2,-1099.0,1099.0,-1100.0,1100.0,,5,"A";
"4CSDOAV",1,2.35,2.65,2.25,2.75,,5,"A";
"4CSDOBV",1,-1099.0,1099.0,-1100.0,1100.0,,5,"A";
"4CSDOBV",2,2.35,2.65,2.25,2.75,,5,"A";
"4HFSPAT",1,48,53,-9.0,104.0,,5,"A";
"4HFSPBT",1,48,53,-9.0,104.0,,5,"A";
"4HLL1AT",1,-1099,1099,-1100,1100,,5,"A";
"4HLL1BT",1,-1099,1099,-1100,1100,,5,"A";
"4HLL2AT",1,-1099,1099,-1100,1100,,5,"A";
"4HLL2BT",1,-1099,1099,-1100,1100,,5,"A";
"4IN15AV",2,-1099.0,1099.0,-1100.0,1100.0,,5,"A";
"4IN15AV",1,-15.25,-14.75,-15.5,-14.5,,5,"A";
"4IN15BV",1,-1099.0,1099.0,-1100.0,1100.0,,5,"A";
"4IN15BV",2,-15.25,-14.75,-15.5,-14.5,,5,"A";
"4IP15AV",2,-1099.0,1099.0,-1100.0,1100.0,,5,"A";
"4IP15AV",1,14.75,15.25,14.5,15.5,,5,"A";
"4IP15BV",1,-1099.0,1099.0,-1100.0,1100.0,,5,"A";
"4IP15BV",2,14.75,15.25,14.5,15.5,,5,"A";
"4IP5AV",2,-1099.0,1099.0,-1100.0,1100.0,,5,"A";
"4IP5AV",1,4.75,5.25,4.5,5.5,,5,"A";
"4IP5BV",1,-1099.0,1099.0,-1100.0,1100.0,,5,"A";
"4IP5BV",2,4.75,5.25,4.5,5.5,,5,"A";
"4LFSPAT",1,48,53,-9.0,104.0,,5,"A";
"4LFSPBT",1,48,53,-9.0,104.0,,5,"A";
"4LLL1AT",1,-1099,1099,-1100,1100,,5,"A";
"4LLL1BT",1,-1099,1099,-1100,1100,,5,"A";
"4LLL2AT",1,-1099,1099,-1100,1100,,5,"A";
"4LLL2BT",1,-1099,1099,-1100,1100,,5,"A";
"4MP28AV",2,-1099.0,1099.0,-1100.0,1100.0,,5,"A";
"4MP28AV",1,27.5,28.5,27.0,29.0,,5,"A";
"4MP28BV",2,-1099.0,1099.0,-1100.0,1100.0,,5,"A";
"4MP28BV",1,27.5,28.5,27.0,29.0,,5,"A";
"4MP5AV",2,-1099.0,1099.0,-1100.0,1100.0,,5,"A";
"4MP5AV",1,4.75,5.25,4.5,5.5,,5,"A";
"4MP5BV",2,-1099.0,1099.0,-1100.0,1100.0,,5,"A";
"4MP5BV",1,4.75,5.25,4.5,5.5,,5,"A";
"4OAVHRMT",1,68,72,45.0,95.0,,5,"A";
"4OAVOBAT",1,48,60,-9.0,95.0,,5,"A";
"4PRT1AT",2,-1099.0,1099.0,-1100.0,1100.0,,5,"A";
"4PRT1AT",1,-90,-60,-220.0,95.0,,5,"A";
"4PRT1BT",1,-1099.0,1099.0,-1100.0,1100.0,,5,"A";
"4PRT1BT",2,-120.0,62.5,-220.0,95.0,,5,"A";
"4PRT2AT",2,-1099.0,1099.0,-1100.0,1100.0,,5,"A";
"4PRT2AT",1,-90,-60,-220.0,95.0,,5,"A";
"4PRT2BT",1,-1099.0,1099.0,-1100.0,1100.0,,5,"A";
"4PRT2BT",2,-120.0,62.5,-220.0,95.0,,5,"A";
"4PRT3AT",2,-1099.0,1099.0,-1100.0,1100.0,,5,"A";
"4PRT3AT",1,0,10,-220.0,95.0,,5,"A";
"4PRT3BT",1,-1099.0,1099.0,-1100.0,1100.0,,5,"A";
"4PRT3BT",2,-120.0,62.5,-220.0,95.0,,5,"A";
"4PRT4AT",2,-1099.0,1099.0,-1100.0,1100.0,,5,"A";
"4PRT4AT",1,-90,-60,-220.0,95.0,,5,"A";
"4PRT4BT",1,-1099.0,1099.0,-1100.0,1100.0,,5,"A";
"4PRT4BT",2,-120.0,62.5,-220.0,95.0,,5,"A";
"4PRT5AT",2,-1099.0,1099.0,-1100.0,1100.0,,5,"A";
"4PRT5AT",1,-90,-60,-220.0,95.0,,5,"A";
"4PRT5BT",1,-1099.0,1099.0,-1100.0,1100.0,,5,"A";
"4PRT5BT",2,-120.0,62.5,-220.0,95.0,,5,"A";
"4PRTAV",2,-1099.0,1099.0,-1100.0,1100.0,,5,"A";
"4PRTAV",1,4.75,5.25,4.5,5.5,,5,"A";
"4PRTBV",1,-1099.0,1099.0,-1100.0,1100.0,,5,"A";
"4PRTBV",2,4.75,5.25,4.5,5.5,,5,"A";
"4RT555T",1,68,72,45.0,95.0,,5,"A";
"4RT556T",1,68,72,45.0,95.0,,5,"A";
"4RT557T",1,68,72,45.0,95.0,,5,"A";
"4RT558T",1,68,72,45.0,95.0,,5,"A";
"4RT559T",1,68,72,45.0,95.0,,5,"A";
"4RT560T",1,68,72,45.0,95.0,,5,"A";
"4RT561T",1,68,72,45.0,95.0,,5,"A";
"4RT562T",1,68,74,45.0,95.0,,5,"A";
"4RT563T",1,68,74,45.0,95.0,,5,"A";
"4RT564T",1,68,74,45.0,95.0,,5,"A";
"4RT565T",1,68,74,45.0,95.0,,5,"A";
"4RT567T",1,68,74,45.0,95.0,,5,"A";
"4RT568T",1,48,60,-9.0,95.0,,5,"A";
"4RT569T",1,68,72,45.0,95.0,,5,"A";
"4RT570T",1,68,72,45.0,95.0,,5,"A";
"4RT575T",1,48,60,-9.0,95.0,,5,"A";
"4RT576T",1,46,50,-9.0,95.0,,5,"A";
"4RT577T",1,48,60,-9.0,95.0,,5,"A";
"4RT578T",1,48,60,-9.0,95.0,,5,"A";
"4RT579T",1,48,60,-9.0,95.0,,5,"A";
"4RT580T",1,48,60,-9.0,95.0,,5,"A";
"4RT581T",1,48,60,-9.0,95.0,,5,"A";
"4RT582T",1,48,60,-9.0,95.0,,5,"A";
"4RT583T",1,48,60,-9.0,95.0,,5,"A";
"4RT584T",1,48,60,-9.0,95.0,,5,"A";
"4RT585T",1,48,60,-9.0,95.0,,5,"A";
"4RT586T",1,48,60,-9.0,95.0,,5,"A";
"4RT587T",1,48,60,-9.0,95.0,,5,"A";
"4RT588T",1,48,60,-9.0,95.0,,5,"A";
"4RT589T",1,48,60,-9.0,95.0,,5,"A";
"4RT590T",1,48,60,-9.0,95.0,,5,"A";
"4RT591T",1,48,60,-9.0,95.0,,5,"A";
"4RT592T",1,48,60,-9.0,95.0,,5,"A";
"4RT593T",1,48,60,-9.0,95.0,,5,"A";
"4RT594T",1,48,60,-9.0,95.0,,5,"A";
"4RT595T",1,48,60,-9.0,95.0,,5,"A";
"4RT596T",1,44,50,-40.0,95.0,,5,"A";
"4RT597T",1,46,60,-40.0,95.0,,5,"A";
"4RT598T",1,46,60,-40.0,95.0,,5,"A";
"4RT700T",1,48,60,-9.0,95.0,,5,"A";
"4RT701T",1,48,60,-9.0,95.0,,5,"A";
"4RT702T",1,48,60,-9.0,95.0,,5,"A";
"4RT703T",1,48,60,-9.0,95.0,,5,"A";
"4RT704T",1,48,60,-9.0,95.0,,5,"A";
"4RT705T",1,42,48,-9.0,95.0,,5,"A";
"4RT706T",1,42,48,-9.0,95.0,,5,"A";
"4RT707T",1,48,55,-9.0,95.0,,5,"A";
"4RT708T",1,48,55,-9.0,95.0,,5,"A";
"4RT709T",1,48,55,-9.0,95.0,,5,"A";
"4RT710T",1,48,55,-9.0,95.0,,5,"A";
"4RT711T",1,48,55,-9.0,95.0,,5,"A";
"4SP51V",2,-1099.0,1099.0,-1100.0,1100.0,,5,"A";
"4SP51V",1,4.75,5.25,4.5,5.5,,5,"A";
"4SP52V",1,-1099.0,1099.0,-1100.0,1100.0,,5,"A";
"4SP52V",2,4.75,5.25,4.5,5.5,,5,"A";
"4VRMHAV",2,-1099.0,1099.0,-1100.0,1100.0,,5,"A";
"4VRMHAV",1,9.75,10.25,9.5,10.5,,5,"A";
"4VRMHBV",1,-1099.0,1099.0,-1100.0,1100.0,,5,"A";
"4VRMHBV",2,9.75,10.25,9.5,10.5,,5,"A";
"4VRMOAV",2,-1099.0,1099.0,-1100.0,1100.0,,5,"A";
"4VRMOAV",1,9.75,10.25,9.5,10.5,,5,"A";
"4VRMOBV",1,-1099.0,1099.0,-1100.0,1100.0,,5,"A";
"4VRMOBV",2,9.75,10.25,9.5,10.5,,5,"A";
"5EHSE100",1,850.0,910.0,830.0,930.0,,5,"A";
"5EHSE300",1,-5.0,35.0,-20.0,70.0,,5,"A";
"5EHSE400",1,-100.0,0.5,-200.0,0.7,,5,"A";
"5EHSE500",1,-100.0,0.5,-200.0,0.7,,5,"A";
"5EHSE600",1,-100.0,30.0,-200.0,40.0,,5,"A";
"5EHSE700",1,-100.0,30.0,-200.0,40.0,,5,"A";
"5EHSE800",1,-100.0,30.0,-200.0,40.0,,5,"A";
"5EHSE900",1,-100.0,2.0,-200.0,3.0,,5,"A";
"5EIOT",1,-20.0,120.0,-23.0,125.0,,5,"A";
"5EPHINT",1,-12.0,27.0,-15.0,30.0,,5,"A";
"5HSE201",1,4.7,5.3,4.5,5.4,,5,"A";
"5HSE202",1,25.0,28.0,23.0,29.0,,5,"A";
"5HSE203",1,5.4,6.3,5.2,6.5,,5,"A";
"5HSE204",1,-6.3,-5.5,-6.5,-5.3,,5,"A";
"6RATE1",1,-0.001745329,0.001745329,-0.002617994,0.002617994,,5,"A";
"6RATE1",2,-0.003490658,0.003490658,-0.03490658,0.03490658,,5,"A";
"6RATE1",3,-0.001745329,0.001745329,-0.002617994,0.002617994,,5,"A";
"6RATE2",1,-0.001745329,0.001745329,-0.002617994,0.002617994,,5,"A";
"6RATE2",2,-0.003490658,0.003490658,-0.03490658,0.03490658,,5,"A";
"6RATE2",3,-0.001745329,0.001745329,-0.002617994,0.002617994,,5,"A";
"6RATE3",1,-0.003490658,0.003490658,-0.03490658,0.03490658,,5,"A";
"6RATE3",2,-0.001745329,0.001745329,-0.002617994,0.002617994,,5,"A";
"6RATE3",3,-0.001745329,0.001745329,-0.002617994,0.002617994,,5,"A";
"6RWSPD1",1,-596.9026042,596.9026042,-628.3185307,628.3185307,,5,"A";
"6RWSPD2",1,-596.9026042,596.9026042,-628.3185307,628.3185307,,5,"A";
"6RWSPD3",1,-596.9026042,596.9026042,-628.3185307,628.3185307,,5,"A";
"6RWSPD4",1,-596.9026042,596.9026042,-628.3185307,628.3185307,,5,"A";
"6RWSPD5",1,-596.9026042,596.9026042,-628.3185307,628.3185307,,5,"A";
"6RWSPD6",1,-596.9026042,596.9026042,-628.3185307,628.3185307,,5,"A";
"6SAEST1",1,0.82030463,3.10668562,0.80285134,3.12413891,,5,"A";
"6SAEST2",1,0.82030463,3.10668562,0.80285134,3.12413891,,5,"A";
"6SARES1",1,47.0,178.0,46.0,179.0,,5,"A";
"6SARES2",1,47.0,178.0,46.0,179.0,,5,"A";
"6SUNER1",1,-0.26179935,0.26179935,-1.570796,1.570796,,5,"A";
"6SUNER1",2,-0.08726645,0.08726645,-0.1745329,0.1745329,,5,"A";
"6SUNER1",3,-0.1745329,0.1745329,-0.5235988,0.5235988,,5,"A";
"6SUNER2",1,-0.1745329,0.1745329,-0.5235988,0.5235988,,5,"A";
"6SUNER2",2,-0.26179935,0.26179935,-1.570796,1.570796,,5,"A";
"6SUNER2",3,-0.08726645,0.08726645,-0.1745329,0.1745329,,5,"A";
"6SUNER3",1,-0.1745329,0.1745329,-0.5235988,0.5235988,,5,"A";
"6SUNER3",2,-0.08726645,0.08726645,-0.1745329,0.1745329,,5,"A";
"6SUNER3",3,-0.26179935,0.26179935,-1.570796,1.570796,,5,"A";
"7FAFLAAT",1,-22.0,20.0,-25.0,24.0,,5,"A";
"7FAFLBAT",1,-22.0,20.0,-25.0,24.0,,5,"A";
"7FAFLCAT",1,-22.0,20.0,-25.0,24.0,,5,"A";
"7FAMTRAT",1,-44.0,45.0,-48.0,50.0,,5,"A";
"7FAPOS",1,-11313.0,6462.0,-11580.0,6749.0,,5,"A";
"7FAPSAT",1,-35.0,63.0,-39.5,67.5,,5,"A";
"7FASEAAT",1,-35.0,30.0,-39.5,35.5,,5,"A";
"7LDRTPOS",1,-5000.0,5000.0,-5010.0,5010.0,,5,"A";
"7MRMMXMV",1,-2.0,32.0,-3.0,36.0,,5,"A";
"7SFLXAST",1,-80.0,30.0,-100.0,50.0,,5,"A";
"7SFLXBST",1,-80.0,30.0,-100.0,50.0,,5,"A";
"7SFLXCST",1,-80.0,30.0,-100.0,50.0,,5,"A";
"7SMOTOC",1,-2.0,65700.0,-3.0,66000.0,,5,"A";
"7SMOTSTL",1,-2.0,260.0,-3.0,270.0,,5,"A";
"7TRMTRAT",1,-44.0,45.0,-48.0,50.0,,5,"A";
"7TSCPOS",1,-103951.0,104445.0,-104428.0,104923.0,,5,"A";
"AACH1T",1,41.0,68.0,-9.0,100.0,,5,"A";
"AACH2T",1,41.0,68.0,-9.0,100.0,,5,"A";
"ACPA5CV",2,-0.1,0.5,-1.0,0.6,,5,"A";
"ACPA5CV",1,4.7,5.8,4.6,5.9,,5,"A";
"ACPB5CV",1,-0.1,0.5,-1.0,0.6,,5,"A";
"ACPB5CV",2,4.7,5.8,4.6,5.9,,5,"A";
"ADE1P5CV",2,-0.1,0.5,-1.0,0.6,,5,"A";
"ADE1P5CV",1,4.7,5.8,4.6,5.9,,5,"A";
"ADE2P5CV",2,4.7,5.8,4.6,5.9,,5,"A";
"ADE2P5CV",1,-0.1,0.5,-1.0,0.6,,5,"A";
"AFLCAAH",1,5.174,5.226,5.0,5.3,,5,"A";
"AFLCABH",1,5.174,5.226,5.0,5.3,,5,"A";
"AFSSPC1V",1,3.15,3.85,1.75,4.5,,5,"A";
"AFSSPC2V",1,-0.1,0.5,-1,0.6,,5,"A";
"AGWS1V",1,2.4,3.0,2.3,3.1,,5,"A";
"AGWS2V",1,-0.1,0.5,-1,0.6,,5,"A";
"AHKNATPR",1,1.5,19.0,0.0,23.0,,5,"A";
"AHKNATRD",1,1.5,19.0,0.0,23.0,,5,"A";
"AI1AX1X",1,-0.85,0.85,-4.0,4.0,,5,"A";
"AI1AX1X",2,-0.085,0.085,-0.1,0.1,,5,"A";
"AI1AX1Y",1,-0.85,0.85,-4.0,4.0,,5,"A";
"AI1AX1Y",2,-0.085,0.085,-0.1,0.1,,5,"A";
"AI1AX2X",1,-0.85,0.85,-4.0,4.0,,5,"A";
"AI1AX2X",2,-0.085,0.085,-0.1,0.1,,5,"A";
"AI1AX2Y",1,-0.85,0.85,-4.0,4.0,,5,"A";
"AI1AX2Y",2,-0.085,0.085,-0.1,0.1,,5,"A";
"AI2AX1X",1,-0.85,0.85,-4.0,4.0,,5,"A";
"AI2AX1X",2,-1000,1000,-1100,1100,,5,"A";
"AI2AX1Y",1,-0.85,0.85,-4.0,4.0,,5,"A";
"AI2AX1Y",2,-1000,1000,-1100,1100,,5,"A";
"AI2AX2X",1,-0.85,0.85,-4.0,4.0,,5,"A";
"AI2AX2X",2,-1000,1000,-1100,1100,,5,"A";
"AI2AX2Y",1,-0.85,0.85,-4.0,4.0,,5,"A";
"AI2AX2Y",2,-1000,1000,-1100,1100,,5,"A";
"AIOAP5CV",1,4.7,5.8,4.6,5.9,,5,"A";
"AIOAP5CV",2,-0.1,0.5,-1.0,0.6,,5,"A";
"AIOBP5CV",1,4.7,5.8,4.6,5.9,,5,"A";
"AIOBP5CV",2,-0.1,0.8,-1.0,1,,5,"A";
"AIRU1BT",1,-8.0,117.0,-13.0,122.0,,5,"A";
"AIRU1G1I",2,-1000.0,1000.0,-1100.0,1100.0,,5,"A";
"AIRU1G1I",1,-5.0,150,-10.0,200,,5,"A";
"AIRU1G1T",1,152.0,158.0,140.0,170.0,,5,"A";
"AIRU1G1T",2,-1000.0,1000.0,-1100.0,1100.0,,5,"A";
"AIRU1G2I",2,-1000.0,1000.0,-1100.0,1100.0,,5,"A";
"AIRU1G2I",1,-5.0,150,-10.0,200,,5,"A";
"AIRU1G2T",1,152.0,158.0,140.0,170.0,,5,"A";
"AIRU1G2T",2,-1000.0,1000.0,-1100.0,1100.0,,5,"A";
"AIRU1VFT",1,137.0,143.0,110.0,170.0,,5,"A";
"AIRU1VFT",2,-1000.0,1000.0,-1100.0,1100.0,,5,"A";
"AIRU2BT",1,-8.0,117.0,-13.0,122.0,,5,"A";
"AIRU2G1I",1,-5,150,-10,200,,5,"A";
"AIRU2G1I",2,-5.0,120.0,-10.0,650.0,,5,"A";
"AIRU2G1T",1,152.0,158.0,140.0,170.0,,5,"A";
"AIRU2G1T",2,-1000.0,1000.0,-1100.0,1100.0,,5,"A";
"AIRU2G2I",1,-5,150,-10,200,,5,"A";
"AIRU2G2I",2,-5.0,120.0,-10.0,650.0,,5,"A";
"AIRU2G2T",1,152.0,158.0,140.0,170.0,,5,"A";
"AIRU2G2T",2,-1000.0,1000.0,-1100.0,1100.0,,5,"A";
"AIRU2VFT",1,137.0,143.0,110.0,170.0,,5,"A";
"AIRU2VFT",2,-1000.0,1000.0,-1100.0,1100.0,,5,"A";
"AOACYAN0",1,-2520.0,2520.0,-2521.0,2521.0,,5,"A";
"AOACYAN1",1,-2520.0,2520.0,-2521.0,2521.0,,5,"A";
"AOACYAN2",1,-2520.0,2520.0,-2521.0,2521.0,,5,"A";
"AOACYAN3",1,-2520.0,2520.0,-2521.0,2521.0,,5,"A";
"AOACYAN4",1,-2520.0,2520.0,-2521.0,2521.0,,5,"A";
"AOACYAN5",1,-2520.0,2520.0,-2521.0,2521.0,,5,"A";
"AOACYAN6",1,-2520.0,2520.0,-2521.0,2521.0,,5,"A";
"AOACYAN7",1,-2520.0,2520.0,-2521.0,2521.0,,5,"A";
"AOACZAN0",1,-2520.0,2520.0,-2521.0,2521.0,,5,"A";
"AOACZAN1",1,-2520.0,2520.0,-2521.0,2521.0,,5,"A";
"AOACZAN2",1,-2520.0,2520.0,-2521.0,2521.0,,5,"A";
"AOACZAN3",1,-2520.0,2520.0,-2521.0,2521.0,,5,"A";
"AOACZAN4",1,-2520.0,2520.0,-2521.0,2521.0,,5,"A";
"AOACZAN5",1,-2520.0,2520.0,-2521.0,2521.0,,5,"A";
"AOACZAN6",1,-2520.0,2520.0,-2521.0,2521.0,,5,"A";
"AOACZAN7",1,-2520.0,2520.0,-2521.0,2521.0,,5,"A";
"AOADACH1A_NBG",1,47.0,178.0,46.0,179.0,,5,"A";
"AOADACH1A_PCAD",1,47.0,178.0,46.0,179.0,,5,"A";
"AOADACH2A_NBG",1,47.0,178.0,46.0,179.0,,5,"A";
"AOADACH2A_PCAD",1,47.0,178.0,46.0,179.0,,5,"A";
"AOADBCH1A_NBG",1,47.0,178.0,46.0,179.0,,5,"A";
"AOADBCH1A_PCAD",1,47.0,178.0,46.0,179.0,,5,"A";
"AOADBCH2A_NBG",1,47.0,178.0,46.0,179.0,,5,"A";
"AOADBCH2A_PCAD",1,47.0,178.0,46.0,179.0,,5,"A";
"AOATTER1",1,-0.026179935,0.026179935,-0.03490658,0.03490658,,5,"A";
"AOATTER1",2,-0.000977384,0.000977384,-0.008726645,0.008726645,,5,"A";
"AOATTER1",3,-0.13962632,0.13962632,-0.20943948,0.20943948,,5,"A";
"AOATTER1",4,-0.13962632,0.13962632,-0.20943948,0.20943948,,5,"A";
"AOATTER2",1,-0.026179935,0.026179935,-0.03490658,0.03490658,,5,"A";
"AOATTER2",2,-0.000488692,0.000488692,-0.008726645,0.008726645,,5,"A";
"AOATTER2",3,-0.05235987,0.05235987,-0.10471974,0.10471974,,5,"A";
"AOATTER2",4,-0.06981316,0.06981316,-0.13962632,0.13962632,,5,"A";
"AOATTER3",1,-0.026179935,0.026179935,-0.03490658,0.03490658,,5,"A";
"AOATTER3",2,-0.000488692,0.000488692,-0.008726645,0.008726645,,5,"A";
"AOATTER3",3,-0.05235987,0.05235987,-0.10471974,0.10471974,,5,"A";
"AOATTER3",4,-0.06981316,0.06981316,-0.13962632,0.13962632,,5,"A";
"AOCMDAC1",1,-0.0000029,0.0000029,-0.00000319,0.00000319,,5,"A";
"AOCMDAC1",2,-0.00036,0.00036,-0.000396,0.000396,,5,"A";
"AOCMDAC1",3,-0.00036,0.00036,-0.000396,0.000396,,5,"A";
"AOCMDAC2",1,-0.0000029,0.0000029,-0.00000319,0.00000319,,5,"A";
"AOCMDAC2",2,-0.00036,0.00036,-0.000396,0.000396,,5,"A";
"AOCMDAC2",3,-0.00036,0.00036,-0.000396,0.000396,,5,"A";
"AOCMDAC3",1,-0.0000029,0.0000029,-0.00000319,0.00000319,,5,"A";
"AOCMDAC3",2,-0.00036,0.00036,-0.000396,0.000396,,5,"A";
"AOCMDAC3",3,-0.00036,0.00036,-0.000396,0.000396,,5,"A";
"AOCMDRT1",1,-0.0022,0.0022,-0.00242,0.00242,,5,"A";
"AOCMDRT1",2,-0.00175,0.00175,-0.00192,0.00192,,5,"A";
"AOCMDRT1",3,-0.0071,0.0071,-0.00781,0.00781,,5,"A";
"AOCMDRT2",1,-0.0022,0.0022,-0.00242,0.00242,,5,"A";
"AOCMDRT2",2,-0.00175,0.00175,-0.00192,0.00192,,5,"A";
"AOCMDRT2",3,-0.0071,0.0071,-0.00781,0.00781,,5,"A";
"AOCMDRT3",1,-0.0022,0.0022,-0.00242,0.00242,,5,"A";
"AOCMDRT3",2,-0.00175,0.00175,-0.00192,0.00192,,5,"A";
"AOCMDRT3",3,-0.0071,0.0071,-0.00781,0.00781,,5,"A";
"AOCPESTC",1,-1,9225,-2,9234,,5,"A";
"AODITHR1",1,-0.00001,0.00001,-0.000011,0.000011,,5,"A";
"AODITHR2",1,-0.00102,0.00102,-0.00112,0.00112,,5,"A";
"AODITHR3",1,-0.00102,0.00102,-0.00112,0.00112,,5,"A";
"AOEPICER",1,-1,16,-2,26,,5,"A";
"AOGBIAS1",1,-0.00001212,0.00001212,-0.00003394,0.00003394,,5,"A";
"AOGBIAS2",1,-0.00001212,0.00001212,-0.00003394,0.00003394,,5,"A";
"AOGBIAS3",1,-0.00001212,0.00001212,-0.00003394,0.00003394,,5,"A";
"AORATE1",1,-0.026179935,0.026179935,-0.03490658,0.03490658,,5,"A";
"AORATE1",2,-0.000244346,0.000244346,-0.000489,0.000489,,5,"A";
"AORATE1",3,-0.001745329,0.001745329,-0.002617994,0.002617994,,5,"A";
"AORATE1",4,-0.003490658,0.003490658,-0.005235987,0.005235987,,5,"A";
"AORATE1",5,-0.006981316,0.006981316,-0.010471974,0.010471974,,5,"A";
"AORATE1",6,-0.000872665,0.000872665,-0.001745329,0.001745329,,5,"A";
"AORATE2",1,-0.026179935,0.026179935,-0.03490658,0.03490658,,5,"A";
"AORATE2",2,-0.0000488692,0.0000488692,-0.0000977384,0.0000977384,,5,"A";
"AORATE2",3,-0.001745329,0.001745329,-0.002617994,0.002617994,,5,"A";
"AORATE2",4,-0.002617994,0.002617994,-0.005235987,0.005235987,,5,"A";
"AORATE2",5,-0.006981316,0.006981316,-0.010471974,0.010471974,,5,"A";
"AORATE2",6,-0.000872665,0.000872665,-0.001745329,0.001745329,,5,"A";
"AORATE3",1,-0.026179935,0.026179935,-0.03490658,0.03490658,,5,"A";
"AORATE3",2,-0.0000488692,0.0000488692,-0.0000977384,0.0000977384,,5,"A";
"AORATE3",3,-0.001745329,0.001745329,-0.002617994,0.002617994,,5,"A";
"AORATE3",4,-0.002617994,0.002617994,-0.005235987,0.005235987,,5,"A";
"AORATE3",5,-0.006981316,0.006981316,-0.010471974,0.010471974,,5,"A";
"AORATE3",6,-0.000872665,0.000872665,-0.001745329,0.001745329,,5,"A";
"AORWSPD1",1,-419.0,419.0,-471.0,471.0,,5,"A";
"AORWSPD1",2,-596.0,596.0,-628.0,628.0,,5,"A";
"AORWSPD2",1,-419.0,419.0,-471.0,471.0,,5,"A";
"AORWSPD2",2,-596.0,596.0,-628.0,628.0,,5,"A";
"AORWSPD3",1,-419.0,419.0,-471.0,471.0,,5,"A";
"AORWSPD3",2,-596.0,596.0,-628.0,628.0,,5,"A";
"AORWSPD4",1,-419.0,419.0,-471.0,471.0,,5,"A";
"AORWSPD4",2,-596.0,596.0,-628.0,628.0,,5,"A";
"AORWSPD5",1,-419.0,419.0,-471.0,471.0,,5,"A";
"AORWSPD5",2,-596.0,596.0,-628.0,628.0,,5,"A";
"AORWSPD6",1,-419.0,419.0,-471.0,471.0,,5,"A";
"AORWSPD6",2,-596.0,596.0,-628.0,628.0,,5,"A";
"AOSAANG1",1,0.82030463,3.10668562,0.80285134,3.12413891,,5,"A";
"AOSAANG2",1,0.82030463,3.10668562,0.80285134,3.12413891,,5,"A";
"AOSACMD1",1,0.82030463,3.10668562,0.80285134,3.12413891,,5,"A";
"AOSACMD2",1,0.82030463,3.10668562,0.80285134,3.12413891,,5,"A";
"AOSAEST1",1,0.82030463,3.10668562,0.80285134,3.12413891,,5,"A";
"AOSAEST2",1,0.82030463,3.10668562,0.80285134,3.12413891,,5,"A";
"AOSARES1",1,47.0,178.0,46.0,179.0,,5,"A";
"AOSARES2",1,47.0,178.0,46.0,179.0,,5,"A";
"AOSUNER1",1,-0.1745329,0.1745329,-0.26179935,0.26179935,,5,"A";
"AOSUNER1",2,-0.08726645,0.08726645,-0.1745329,0.1745329,,5,"A";
"AOSUNER2",1,-0.1745329,0.1745329,-0.26179935,0.26179935,,5,"A";
"AOSUNER2",2,-0.08726645,0.08726645,-0.1745329,0.1745329,,5,"A";
"AOSUNER3",1,-0.1745329,0.1745329,-0.26179935,0.26179935,,5,"A";
"AOSUNER3",2,-0.08726645,0.08726645,-0.1745329,0.1745329,,5,"A";
"AOSYMOM1",1,-20.0,20.0,-30.0,30.0,,5,"A";
"AOSYMOM1",2,-250.0,250.0,-300.0,300.0,,5,"A";
"AOSYMOM1",3,-350.0,350.0,-400.0,400.0,,5,"A";
"AOSYMOM2",1,-20.0,20.0,-30.0,30.0,,5,"A";
"AOSYMOM2",2,-250.0,250.0,-300.0,300.0,,5,"A";
"AOSYMOM2",3,-350.0,350.0,-400.0,400.0,,5,"A";
"AOSYMOM3",1,-20.0,20.0,-30.0,30.0,,5,"A";
"AOSYMOM3",2,-250.0,250.0,-300.0,300.0,,5,"A";
"AOSYMOM3",3,-350.0,350.0,-400.0,400.0,,5,"A";
"ARWA1BT",1,14.0,140.0,5.0,145.0,,5,"A";
"ARWA2BT",1,14.0,140.0,5.0,145.0,,5,"A";
"ARWA3BT",1,14.0,140.0,5.0,145.0,,5,"A";
"ARWA4BT",1,14.0,140.0,5.0,145.0,,5,"A";
"ARWA5BT",1,14.0,140.0,5.0,145.0,,5,"A";
"ARWA6BT",1,14.0,140.0,5.0,145.0,,5,"A";
"ASPEA5CV",2,-0.1,0.5,-1.0,0.6,,5,"A";
"ASPEA5CV",1,4.7,5.8,4.6,5.9,,5,"A";
"ASPEB5CV",1,-0.1,0.7,-1.0,0.8,,5,"A";
"ASPEB5CV",2,4.7,5.8,4.6,5.9,,5,"A";
"AVACMON",1,-13.0,42.0,-17.0,47.0,,5,"A";
"AVD1CV5V",1,4.7,5.8,4.6,5.9,,5,"A";
"AVD1CV5V",2,-0.1,0.5,-1.0,0.6,,5,"A";
"AVD2CV5V",1,-0.1,0.5,-1.0,0.6,,5,"A";
"AVD2CV5V",2,4.7,5.8,4.6,5.9,,5,"A";
"AWD1CV5V",2,-0.1,0.5,-1.0,0.6,,5,"A";
"AWD1CV5V",1,4.7,5.8,4.6,5.9,,5,"A";
"AWD1TQI",1,-1.22,1.22,-3.3,3.3,,5,"A";
"AWD2CV5V",2,-0.1,0.5,-1.0,0.6,,5,"A";
"AWD2CV5V",1,4.7,5.8,4.6,5.9,,5,"A";
"AWD2TQI",1,-1.22,1.22,-3.3,3.3,,5,"A";
"AWD3CV5V",2,-0.1,0.5,-1.0,0.6,,5,"A";
"AWD3CV5V",1,4.7,5.8,4.6,5.9,,5,"A";
"AWD3TQI",1,-1.22,1.22,-3.3,3.3,,5,"A";
"AWD4CV5V",2,-0.1,0.5,-1.0,0.6,,5,"A";
"AWD4CV5V",1,4.7,5.8,4.6,5.9,,5,"A";
"AWD4TQI",1,-1.22,1.22,-3.3,3.3,,5,"A";
"AWD5CV5V",2,-0.1,0.5,-1.0,0.6,,5,"A";
"AWD5CV5V",1,4.7,5.8,4.6,5.9,,5,"A";
"AWD5TQI",1,-1.22,1.22,-3.3,3.3,,5,"A";
"AWD6CV5V",1,4.7,5.8,4.6,5.9,,5,"A";
"AWD6CV5V",2,-0.1,0.5,-1.0,0.6,,5,"A";
"AWD6TQI",1,-1.22,1.22,-3.3,3.3,,5,"A";
"C10VREFA",1,9.5,10.5,9.0,11.0,,5,"A";
"C10VREFB",1,9.5,10.5,9.0,11.0,,5,"A";
"C28VMONA",1,22.0,26.0,21.9,35.0,,5,"A";
"C28VMONB",1,22.0,26.0,21.9,35.0,,5,"A";
"CIUA15V",1,14.8,15.8,12.5,16.0,,5,"A";
"CIUA5V",1,5.15,5.35,4.8,5.37,,5,"A";
"CIUB15V",1,14.8,15.8,12.5,16.0,,5,"A";
"CIUB5V",1,5.15,5.35,4.8,5.37,,5,"A";
"COERRCN",1,-100.0,7.0,-1000.0,1000.0,,5,"A";
"COFLCXSM",1,-1331.0,-1329.0,-1332,-1328,,5,"A";
"COFNFERR",1,-100.0,4.0,-1000.0,1000.0,,5,"A";
"CONLCXSM",1,-1331.0,-1329.0,-1332,-1328,,5,"A";
"CPA1BPT",1,-4.0,75,-13.0,170.0,,5,"A";
"CPA1PWR",1,32.86,41.13,32.8,41.16,,5,"A";
"CPA1V",1,3.72,4.12,3.7,4.13,,5,"A";
"CPA2BPT",1,-4.0,75,-13.0,170.0,,5,"A";
"CPA2PWR",1,32.85,41.31,32.8,41.4,,5,"A";
"CPA2V",1,3.72,4.12,3.7,4.13,,5,"A";
"EOESAC1C",1,8.5,27,6.5,33.0,,5,"A";
"CPCA15V",1,14.8,15.8,12.5,16.0,,5,"A";
"CPCA5V",1,5.15,5.35,4.8,5.5,,5,"A";
"CPCB15V",1,14.8,15.8,12.5,16.0,,5,"A";
"CPCB5V",1,5.15,5.35,4.8,5.5,,5,"A";
"CRXALS",1,-150.0,150.0,-151.0,151.0,,5,"A";
"CRXASIG",1,-140.0,-45.0,-999.0,-40.0,,5,"A";
"CRXAV",1,3.8,4.2,3.79,4.21,,5,"A";
"CRXBLS",1,-150.0,150.0,-151.0,151.0,,5,"A";
"CRXBSIG",1,-140.0,-45.0,-999.0,-40.0,,5,"A";
"CRXBV",1,3.8,4.2,3.79,4.21,,5,"A";
"CSITA15V",1,14.8,15.8,12.5,16.0,,5,"A";
"CSITA5V",1,5.15,5.35,4.8,5.5,,5,"A";
"CSITB15V",1,14.8,15.8,12.5,16.0,,5,"A";
"CSITB5V",1,5.15,5.35,4.8,5.5,,5,"A";
"CSSR1CAV",1,4.75,5.25,4.25,5.75,,5,"A";
"CSSR2CBV",1,4.75,5.25,4.25,5.75,,5,"A";
"CTSA15V",1,14.8,15.8,12.5,16.0,,5,"A";
"CTSA5V",1,5.15,5.35,4.8,5.5,,5,"A";
"CTSB15V",1,14.8,15.8,12.5,16.0,,5,"A";
"CTSB5V",1,5.15,5.35,4.8,5.5,,5,"A";
"CTUA15V",1,14.8,15.8,12.5,16.0,,5,"A";
"CTUA5V",1,5.15,5.35,4.8,5.5,,5,"A";
"CTUB15V",1,14.8,15.8,12.5,16.0,,5,"A";
"CTUB5V",1,5.15,5.35,4.8,5.5,,5,"A";
"CTXAPWR",1,35.99,36.98,35.94,37.0,,5,"A";
"CTXAV",1,3.4,3.7,3.39,3.71,,5,"A";
"CTXBPWR",1,36.12,36.99,36.0,37.0,,5,"A";
"CTXBV",1,3.4,3.7,3.39,3.71,,5,"A";
"CUSOA28V",1,22.25,30.0,21.25,30.5,,5,"A";
"CUSOAIT",1,150,180,-8.5,203.0,,5,"A";
"CUSOAOVN",1,0.001,3.0,0.0,5.0,,5,"A";
"CUSOB28V",1,22.25,30.0,21.25,30.5,,5,"A";
"CUSOBIT",1,-4.9,194.0,-8.5,203.0,,5,"A";
"CUSOBOVN",1,0.001,3.0,0.0,5.0,,5,"A";
"CXO5VOBA",1,4.8,5.3,4.7,5.4,,5,"A";
"CXO5VOBB",1,4.8,5.3,4.7,5.4,,5,"A";
"CXPNAIT",1,10,75,-4.0,160.0,,5,"A";
"CXPNBIT",1,10,75,-4.0,160.0,,5,"A";
"EB1CI",2,0.0,0.1,-1.0,0.25,,5,"A";
"EB1DI",2,0.0,1.0,-1.0,2.5,,5,"A";
"EB1V",2,27.0,31.0,26.0,33.0,,5,"A";
"EB2CI",2,0.0,0.1,-1.0,0.25,,5,"A";
"EB2DI",2,0.0,1.0,-1.0,2.5,,5,"A";
"EB2V",2,27.0,31.0,26.0,33.0,,5,"A";
"EB3CI",2,0.0,0.1,-1.0,0.25,,5,"A";
"EB3DI",2,0.0,1.0,-1.0,2.5,,5,"A";
"EB3V",2,27.0,31.0,26.0,33.0,,5,"A";
"ECNV1V",2,14.55,15.75,14.25,16.0,,5,"A";
"ECNV2V",2,14.55,15.75,14.25,16.0,,5,"A";
"ECNV3V",2,14.55,15.75,14.25,16.0,,5,"A";
"EDISSNPR",2,-1.0,0.9,-2.0,0.95,,5,"A";
"EDISSNRD",2,-1.0,0.9,-2.0,0.95,,5,"A";
"EEPA5V",2,-9999998.0,9999998.0,-9999999.0,9999999.0,,5,"A";
"EEPB5V",2,-9999998.0,9999998.0,-9999999.0,9999999.0,,5,"A";
"EIACVAV",1,4.68,5.72,3.9,6.5,,5,"A";
"EIACVBV",1,4.68,5.72,3.9,6.5,,5,"A";
"ELBI",2,3.71,48.46,3.41,53.88,,5,"A";
"ELBV",2,26.0,32.0,24.5,33.0,,5,"A";
"EOCHRGB1",1,0.25,1.1,0.2,1.2,,5,"A";
"EB1CI",1,0.2,0.7,0.14,0.99,,5,"A";
"EOESAC2C",1,7.5,27,6.5,33.0,,5,"A";
"CPCA5V",2,-9999998.0,9999998.0,-9999999.0,9999999.0,,5,"A";
"EOESAT1C",1,96.2,167.0,93.0,200.0,,5,"A";
"EOESAT2C",1,96.2,167.0,93.0,200.0,,5,"A";
"EOTB1T1C",1,25.0,86.0,24.0,106.0,,5,"A";
"EOTB1T2C",1,25.0,86.0,24.0,106.0,,5,"A";
"EOTB1T3C",1,25.0,86.0,24.0,106.0,,5,"A";
"EOTB2T1C",1,31.1,74.3,27.5,77.9,,5,"A";
"EOTB2T2C",1,31.1,74.3,27.5,77.9,,5,"A";
"EOTB2T3C",1,31.1,74.3,27.5,77.9,,5,"A";
"EOTB3T1C",1,31.1,74.3,27.5,77.9,,5,"A";
"EOTB3T2C",1,31.1,74.3,27.5,77.9,,5,"A";
"EOTB3T3C",1,31.1,74.3,27.5,77.9,,5,"A";
"EPA15V",2,-9999998.0,9999998.0,-9999999.0,9999999.0,,5,"A";
"EPB15V",2,-9999998.0,9999998.0,-9999999.0,9999999.0,,5,"A";
"EPOVSPR",2,-1.0,0.85,-2.0,0.9,,5,"A";
"EPOVSRD",2,-1.0,0.85,-2.0,0.9,,5,"A";
"ES1P5CV",1,4.68,5.72,3.9,6.5,,5,"A";
"ES2P5CV",1,4.68,5.72,3.9,6.5,,5,"A";
"ESAMYI",2,1.86,24.23,1.7,26.94,,5,"A";
"ESAPYI",2,7.86,24.23,1.7,26.94,,5,"A";
"EUVSENPR",2,-1.0,0.9,-2.0,0.95,,5,"A";
"EUVSENRD",2,-1.0,0.9,-2.0,0.95,,5,"A";
"OFLSWSW6",1,-100.0,33.0,-1000.0,1000.0,,5,"A";
"OHRMAPWR",1,-1050.0,3350.0,-1100.0,3400.0,,5,"A";
"OHRMAPWR",2,-1050.0,40.0,-1100.0,60.0,,5,"A";
"OHRMGRD1",2,-1099.0,1099.0,-1100.0,1100.0,,5,"A";
"OHRMGRD1",1,943.0,959.0,936.0,966.0,,5,"A";
"OHRMGRD2",2,-1099.0,1099.0,-1100.0,1100.0,,5,"A";
"OHRMGRD2",1,769.0,785.0,762.0,792.0,,5,"A";
"OHRMGRD3",2,-1099.0,1099.0,-1100.0,1100.0,,5,"A";
"OHRMGRD3",1,-0.5,0.5,-2.5,2.5,,5,"A";
"EB1DI",1,0.0,1.0,-1.0,2.5,,5,"A";
"OHRMGRD4",2,-1099.0,1099.0,-1100.0,1100.0,,5,"A";
"OHRMGRD4",1,593.0,609.0,586.0,616.0,,5,"A";
"OHRMGRD5",2,-1099.0,1099.0,-1100.0,1100.0,,5,"A";
"OHRMGRD5",1,414.0,430.0,407.0,437.0,,5,"A";
"OHRMGRD6",1,-0.5,0.5,-2.5,2.5,,5,"A";
"OHRMGRD6",2,-1099.0,1099.0,-1100.0,1100.0,,5,"A";
"OHRMGRD7",2,-1099.0,1099.0,-1100.0,1100.0,,5,"A";
"OHRMGRD7",1,236.0,252.0,229.0,259.0,,5,"A";
"OHRMGRD8",2,-1099.0,1099.0,-1100.0,1100.0,,5,"A";
"OHRMGRD8",1,55.0,71.0,48.0,78.0,,5,"A";
"OHRTHR02",2,-1099.0,1099.0,-1100.0,1100.0,,5,"A";
"OHRTHR02",1,68,73,45.0,95.0,,5,"A";
"OHRTHR03",2,-1099.0,1099.0,-1100.0,1100.0,,5,"A";
"OHRTHR03",1,68,73,45.0,95.0,,5,"A";
"OHRTHR04",2,-1099.0,1099.0,-1100.0,1100.0,,5,"A";
"OHRTHR04",1,68,73,45.0,95.0,,5,"A";
"OHRTHR05",2,-1099.0,1099.0,-1100.0,1100.0,,5,"A";
"OHRTHR05",1,68,72,45.0,95.0,,5,"A";
"OHRTHR06",2,-1099.0,1099.0,-1100.0,1100.0,,5,"A";
"OHRTHR06",1,68,72,45.0,95.0,,5,"A";
"OHRTHR07",2,-1099.0,1099.0,-1100.0,1100.0,,5,"A";
"OHRTHR07",1,68,72,45.0,95.0,,5,"A";
"OHRTHR08",2,-1099.0,1099.0,-1100.0,1100.0,,5,"A";
"OHRTHR08",1,68,72,45.0,95.0,,5,"A";
"OHRTHR09",2,-1099.0,1099.0,-1100.0,1100.0,,5,"A";
"OHRTHR09",1,68,72,45.0,95.0,,5,"A";
"OHRTHR10",2,-1099.0,1099.0,-1100.0,1100.0,,5,"A";
"OHRTHR10",1,68,72,45.0,95.0,,5,"A";
"OHRTHR11",2,-1099.0,1099.0,-1100.0,1100.0,,5,"A";
"OHRTHR11",1,68,72,45.0,95.0,,5,"A";
"OHRTHR12",2,-1099.0,1099.0,-1100.0,1100.0,,5,"A";
"OHRTHR12",1,68,72,45.0,95.0,,5,"A";
"OHRTHR13",2,-1099.0,1099.0,-1100.0,1100.0,,5,"A";
"OHRTHR13",1,68,72,45.0,95.0,,5,"A";
"OHRTHR14",2,-1099.0,1099.0,-1100.0,1100.0,,5,"A";
"OHRTHR14",1,68,72,45.0,95.0,,5,"A";
"OHRTHR15",2,-1099.0,1099.0,-1100.0,1100.0,,5,"A";
"OHRTHR15",1,68,72,45.0,95.0,,5,"A";
"OHRTHR17",2,-1099.0,1099.0,-1100.0,1100.0,,5,"A";
"OHRTHR17",1,68,72,45.0,95.0,,5,"A";
"OHRTHR18",2,-1099.0,1099.0,-1100.0,1100.0,,5,"A";
"OHRTHR18",1,68,72,45.0,95.0,,5,"A";
"OHRTHR19",2,-1099.0,1099.0,-1100.0,1100.0,,5,"A";
"OHRTHR19",1,68,72,45.0,95.0,,5,"A";
"OHRTHR20",2,-1099.0,1099.0,-1100.0,1100.0,,5,"A";
"OHRTHR20",1,68,72,45.0,95.0,,5,"A";
"OHRTHR21",2,-1099.0,1099.0,-1100.0,1100.0,,5,"A";
"OHRTHR21",1,68,73,45.0,95.0,,5,"A";
"OHRTHR22",2,-1099.0,1099.0,-1100.0,1100.0,,5,"A";
"OHRTHR22",1,68,73,45.0,95.0,,5,"A";
"OHRTHR23",2,-1099.0,1099.0,-1100.0,1100.0,,5,"A";
"OHRTHR23",1,68,73,45.0,95.0,,5,"A";
"OHRTHR24",2,-1099.0,1099.0,-1100.0,1100.0,,5,"A";
"OHRTHR24",1,68,72,45.0,95.0,,5,"A";
"OHRTHR25",2,-1099.0,1099.0,-1100.0,1100.0,,5,"A";
"OHRTHR25",1,68,72,45.0,95.0,,5,"A";
"OHRTHR26",2,-1099.0,1099.0,-1100.0,1100.0,,5,"A";
"OHRTHR26",1,68,72,45.0,95.0,,5,"A";
"OHRTHR27",2,-1099.0,1099.0,-1100.0,1100.0,,5,"A";
"OHRTHR27",1,74,77,45.0,95.0,,5,"A";
"OHRTHR29",2,-1099.0,1099.0,-1100.0,1100.0,,5,"A";
"OHRTHR29",1,68,72,45.0,95.0,,5,"A";
"OHRTHR30",2,-1099.0,1099.0,-1100.0,1100.0,,5,"A";
"OHRTHR30",1,68,72,45.0,95.0,,5,"A";
"OHRTHR31",2,-1099.0,1099.0,-1100.0,1100.0,,5,"A";
"OHRTHR31",1,68,72,45.0,95.0,,5,"A";
"OHRTHR33",2,-1099.0,1099.0,-1100.0,1100.0,,5,"A";
"OHRTHR33",1,68,72,45.0,95.0,,5,"A";
"OHRTHR34",2,-1099.0,1099.0,-1100.0,1100.0,,5,"A";
"OHRTHR34",1,68,72,45.0,95.0,,5,"A";
"OHRTHR35",2,-1099.0,1099.0,-1100.0,1100.0,,5,"A";
"OHRTHR35",1,68,72,45.0,95.0,,5,"A";
"OHRTHR36",2,-1099.0,1099.0,-1100.0,1100.0,,5,"A";
"OHRTHR36",1,68,72,45.0,95.0,,5,"A";
"OHRTHR37",2,-1099.0,1099.0,-1100.0,1100.0,,5,"A";
"OHRTHR37",1,68,72,45.0,95.0,,5,"A";
"OHRTHR38",2,-1099.0,1099.0,-1100.0,1100.0,,5,"A";
"OHRTHR38",1,55,60,0.0,95.0,,5,"A";
"OHRTHR39",2,-1099.0,1099.0,-1100.0,1100.0,,5,"A";
"OHRTHR39",1,68,72,45.0,95.0,,5,"A";
"OHRTHR40",2,-1099.0,1099.0,-1100.0,1100.0,,5,"A";
"OHRTHR40",1,68,72,45.0,95.0,,5,"A";
"OHRTHR41",2,-1099.0,1099.0,-1100.0,1100.0,,5,"A";
"OHRTHR41",1,68,72,45.0,95.0,,5,"A";
"OHRTHR42",2,-1099.0,1099.0,-1100.0,1100.0,,5,"A";
"OHRTHR42",1,68,72,45.0,95.0,,5,"A";
"OHRTHR43",2,-1099.0,1099.0,-1100.0,1100.0,,5,"A";
"OHRTHR43",1,67,70,45.0,95.0,,5,"A";
"OHRTHR44",2,-1099.0,1099.0,-1100.0,1100.0,,5,"A";
"OHRTHR44",1,68,73,45.0,95.0,,5,"A";
"OHRTHR45",2,-1099.0,1099.0,-1100.0,1100.0,,5,"A";
"OHRTHR45",1,68,73,45.0,95.0,,5,"A";
"OHRTHR46",2,-1099.0,1099.0,-1100.0,1100.0,,5,"A";
"OHRTHR46",1,68,73,45.0,95.0,,5,"A";
"OHRTHR47",2,-1099.0,1099.0,-1100.0,1100.0,,5,"A";
"OHRTHR47",1,68,73,45.0,95.0,,5,"A";
"OHRTHR49",2,-1099.0,1099.0,-1100.0,1100.0,,5,"A";
"OHRTHR49",1,68,72,45.0,95.0,,5,"A";
"OHRTHR50",2,-1099.0,1099.0,-1100.0,1100.0,,5,"A";
"OHRTHR50",1,68,72,45.0,95.0,,5,"A";
"OHRTHR51",2,-1099.0,1099.0,-1100.0,1100.0,,5,"A";
"OHRTHR51",1,68,72,45.0,95.0,,5,"A";
"OHRTHR52",2,-1099.0,1099.0,-1100.0,1100.0,,5,"A";
"OHRTHR52",1,68,72,45.0,95.0,,5,"A";
"OHRTHR53",2,-1099.0,1099.0,-1100.0,1100.0,,5,"A";
"OHRTHR53",1,68,72,45.0,95.0,,5,"A";
"OHRTHR54",2,-1099.0,1099.0,-1100.0,1100.0,,5,"A";
"OHRTHR54",1,68,72,45.0,95.0,,5,"A";
"OHRTHR55",2,-1099.0,1099.0,-1100.0,1100.0,,5,"A";
"OHRTHR55",1,68,72,45.0,95.0,,5,"A";
"OHRTHR56",2,-1099.0,1099.0,-1100.0,1100.0,,5,"A";
"OHRTHR56",1,68,72,45.0,95.0,,5,"A";
"OHRTHR57",2,-1099.0,1099.0,-1100.0,1100.0,,5,"A";
"OHRTHR57",1,68,72,45.0,95.0,,5,"A";
"OHRTHR58",2,-1099.0,1099.0,-1100.0,1100.0,,5,"A";
"OHRTHR58",1,68,72,45.0,95.0,,5,"A";
"OHRTHR59",2,-1099.0,1099.0,-1100.0,1100.0,,5,"A";
"OHRTHR59",1,68,73,45.0,95.0,,5,"A";
"OHRTHR60",2,-1099.0,1099.0,-1100.0,1100.0,,5,"A";
"OHRTHR60",1,68,72,45.0,95.0,,5,"A";
"OHRTHR61",2,-1099.0,1099.0,-1100.0,1100.0,,5,"A";
"OHRTHR61",1,68,72,45.0,95.0,,5,"A";
"OHRTHR62",2,-1099.0,1099.0,-1100.0,1100.0,,5,"A";
"OHRTHR62",1,68,72,45.0,95.0,,5,"A";
"OHRTHR63",2,-1099.0,1099.0,-1100.0,1100.0,,5,"A";
"OHRTHR63",1,68,73,45.0,95.0,,5,"A";
"OOBAGRD1",2,-1099.0,1099.0,-1100.0,1100.0,,5,"A";
"OOBAGRD1",1,943.0,959.0,936.0,966.0,,5,"A";
"OOBAGRD2",2,-1099.0,1099.0,-1100.0,1100.0,,5,"A";
"OOBAGRD2",1,769.0,785.0,762.0,792.0,,5,"A";
"OOBAGRD3",2,-1099.0,1099.0,-1100.0,1100.0,,5,"A";
"OOBAGRD3",1,-2.5,2.5,-2.9,2.8,,5,"A";
"OOBAGRD4",2,-1099.0,1099.0,-1100.0,1100.0,,5,"A";
"OOBAGRD4",1,593.0,609.0,586.0,616.0,,5,"A";
"OOBAGRD5",2,-1099.0,1099.0,-1100.0,1100.0,,5,"A";
"OOBAGRD5",1,414.0,430.0,407.0,437.0,,5,"A";
"OOBAGRD6",2,-1099.0,1099.0,-1100.0,1100.0,,5,"A";
"OOBAGRD6",1,-0.25,0.25,-2.5,2.5,,5,"A";
"OOBAGRD7",2,-1099.0,1099.0,-1100.0,1100.0,,5,"A";
"OOBAGRD7",1,236.0,252.0,229.0,259.0,,5,"A";
"OOBAGRD8",2,-1099.0,1099.0,-1100.0,1100.0,,5,"A";
"OOBAGRD8",1,55.0,71.0,48.0,78.0,,5,"A";
"OOBAPWR",1,-1050.0,3350.0,-1100.0,3400.0,,5,"A";
"OOBAPWR",2,-1050.0,370.0,-1100.0,400.0,,5,"A";
"OOBTHR02",2,-1099.0,1099.0,-1100.0,1100.0,,5,"A";
"OOBTHR02",1,48,60,-9.0,95.0,,5,"A";
"OOBTHR03",2,-1099.0,1099.0,-1100.0,1100.0,,5,"A";
"OOBTHR03",1,48,60,-9.0,95.0,,5,"A";
"OOBTHR04",2,-1099.0,1099.0,-1100.0,1100.0,,5,"A";
"OOBTHR04",1,48,60,-9.0,95.0,,5,"A";
"OOBTHR05",2,-1099.0,1099.0,-1100.0,1100.0,,5,"A";
"OOBTHR05",1,48,60,-9.0,95.0,,5,"A";
"OOBTHR06",2,-1099.0,1099.0,-1100.0,1100.0,,5,"A";
"OOBTHR06",1,48,60,-9.0,95.0,,5,"A";
"OOBTHR07",2,-1099.0,1099.0,-1100.0,1100.0,,5,"A";
"OOBTHR07",1,48,60,-9.0,95.0,,5,"A";
"OOBTHR08",2,-1099.0,1099.0,-1100.0,1100.0,,5,"A";
"OOBTHR08",1,48,60,-9.0,95.0,,5,"A";
"OOBTHR09",2,-1099.0,1099.0,-1100.0,1100.0,,5,"A";
"OOBTHR09",1,48,60,-9.0,95.0,,5,"A";
"OOBTHR10",2,-1099.0,1099.0,-1100.0,1100.0,,5,"A";
"OOBTHR10",1,48,60,-9.0,95.0,,5,"A";
"OOBTHR11",2,-1099.0,1099.0,-1100.0,1100.0,,5,"A";
"OOBTHR11",1,48,60,-9.0,95.0,,5,"A";
"OOBTHR12",2,-1099.0,1099.0,-1100.0,1100.0,,5,"A";
"OOBTHR12",1,48,60,-9.0,95.0,,5,"A";
"OOBTHR13",2,-1099.0,1099.0,-1100.0,1100.0,,5,"A";
"OOBTHR13",1,48,60,-9.0,95.0,,5,"A";
"OOBTHR14",2,-1099.0,1099.0,-1100.0,1100.0,,5,"A";
"OOBTHR14",1,48,60,-9.0,95.0,,5,"A";
"OOBTHR15",2,-1099.0,1099.0,-1100.0,1100.0,,5,"A";
"OOBTHR15",1,48,60,-9.0,95.0,,5,"A";
"OOBTHR17",2,-1099.0,1099.0,-1100.0,1100.0,,5,"A";
"OOBTHR17",1,48,60,-9.0,95.0,,5,"A";
"OOBTHR18",2,-1099.0,1099.0,-1100.0,1100.0,,5,"A";
"OOBTHR18",1,48,60,-9.0,95.0,,5,"A";
"OOBTHR19",2,-1099.0,1099.0,-1100.0,1100.0,,5,"A";
"OOBTHR19",1,48,60,-9.0,95.0,,5,"A";
"OOBTHR20",2,-1099.0,1099.0,-1100.0,1100.0,,5,"A";
"OOBTHR20",1,48,60,-9.0,95.0,,5,"A";
"OOBTHR21",2,-1099.0,1099.0,-1100.0,1100.0,,5,"A";
"OOBTHR21",1,48,60,-9.0,95.0,,5,"A";
"OOBTHR22",2,-1099.0,1099.0,-1100.0,1100.0,,5,"A";
"OOBTHR22",1,48,60,-9.0,95.0,,5,"A";
"OOBTHR23",2,-1099.0,1099.0,-1100.0,1100.0,,5,"A";
"OOBTHR23",1,48,60,-9.0,95.0,,5,"A";
"OOBTHR24",2,-1099.0,1099.0,-1100.0,1100.0,,5,"A";
"OOBTHR24",1,48,60,-9.0,95.0,,5,"A";
"OOBTHR25",2,-1099.0,1099.0,-1100.0,1100.0,,5,"A";
"OOBTHR25",1,48,60,-9.0,95.0,,5,"A";
"OOBTHR26",2,-1099.0,1099.0,-1100.0,1100.0,,5,"A";
"OOBTHR26",1,48,60,-9.0,95.0,,5,"A";
"OOBTHR27",2,-1099.0,1099.0,-1100.0,1100.0,,5,"A";
"OOBTHR27",1,48,60,-9.0,95.0,,5,"A";
"OOBTHR28",2,-1099.0,1099.0,-1100.0,1100.0,,5,"A";
"OOBTHR28",1,48,60,-9.0,95.0,,5,"A";
"OOBTHR29",2,-1099.0,1099.0,-1100.0,1100.0,,5,"A";
"OOBTHR29",1,48,60,-9.0,95.0,,5,"A";
"OOBTHR30",2,-1099.0,1099.0,-1100.0,1100.0,,5,"A";
"OOBTHR30",1,48,60,-9.0,95.0,,5,"A";
"OOBTHR31",2,-1099.0,1099.0,-1100.0,1100.0,,5,"A";
"OOBTHR31",1,48,62,-9.0,95.0,,5,"A";
"OOBTHR33",2,-1099.0,1099.0,-1100.0,1100.0,,5,"A";
"OOBTHR33",1,48,60,-9.0,95.0,,5,"A";
"OOBTHR34",2,-1099.0,1099.0,-1100.0,1100.0,,5,"A";
"OOBTHR34",1,48,60,-9.0,95.0,,5,"A";
"OOBTHR35",2,-1099.0,1099.0,-1100.0,1100.0,,5,"A";
"OOBTHR35",1,48,60,-9.0,95.0,,5,"A";
"OOBTHR36",2,-1099.0,1099.0,-1100.0,1100.0,,5,"A";
"OOBTHR36",1,48,52,-9.0,95.0,,5,"A";
"OOBTHR37",2,-1099.0,1099.0,-1100.0,1100.0,,5,"A";
"OOBTHR37",1,48,52,-9.0,95.0,,5,"A";
"OOBTHR38",2,-1099.0,1099.0,-1100.0,1100.0,,5,"A";
"OOBTHR38",1,48,52,-9.0,95.0,,5,"A";
"OOBTHR39",2,-1099.0,1099.0,-1100.0,1100.0,,5,"A";
"OOBTHR39",1,48,55,-9.0,95.0,,5,"A";
"OOBTHR40",2,-1099.0,1099.0,-1100.0,1100.0,,5,"A";
"OOBTHR40",1,48,55,-9.0,95.0,,5,"A";
"OOBTHR41",2,-1099.0,1099.0,-1100.0,1100.0,,5,"A";
"OOBTHR41",1,48,55,-9.0,95.0,,5,"A";
"OOBTHR42",1,10,18,-40.0,180.0,,5,"A";
"OOBTHR42",2,-1099.0,1099.0,-1100.0,1100.0,,5,"A";
"OOBTHR43",2,-1099.0,1099.0,-1100.0,1100.0,,5,"A";
"OOBTHR43",1,0,12,-40.0,180.0,,5,"A";
"OOBTHR44",2,-1099.0,1099.0,-1100.0,1100.0,,5,"A";
"OOBTHR44",1,48,60,-9.0,95.0,,5,"A";
"OOBTHR45",2,-1099.0,1099.0,-1100.0,1100.0,,5,"A";
"OOBTHR45",1,48,60,-9.0,95.0,,5,"A";
"OOBTHR46",2,-1099.0,1099.0,-1100.0,1100.0,,5,"A";
"OOBTHR46",1,48,60,-9.0,95.0,,5,"A";
"OOBTHR47",2,-1099.0,1099.0,-1100.0,1100.0,,5,"A";
"OOBTHR47",1,0,12,-40.0,180.0,,5,"A";
"OOBTHR49",2,-1099.0,1099.0,-1100.0,1100.0,,5,"A";
"OOBTHR49",1,48,60,-9.0,95.0,,5,"A";
"OOBTHR50",2,-1099.0,1099.0,-1100.0,1100.0,,5,"A";
"OOBTHR50",1,48,60,-9.0,95.0,,5,"A";
"OOBTHR51",2,-1099.0,1099.0,-1100.0,1100.0,,5,"A";
"OOBTHR51",1,48,60,-9.0,95.0,,5,"A";
"OOBTHR52",2,-1099.0,1099.0,-1100.0,1100.0,,5,"A";
"OOBTHR52",1,48,60,-9.0,95.0,,5,"A";
"OOBTHR53",2,-1099.0,1099.0,-1100.0,1100.0,,5,"A";
"OOBTHR53",1,48,60,-9.0,95.0,,5,"A";
"OOBTHR54",2,-1099.0,1099.0,-1100.0,1100.0,,5,"A";
"OOBTHR54",1,48,60,-9.0,95.0,,5,"A";
"OOBTHR55",2,-1099.0,1099.0,-1100.0,1100.0,,5,"A";
"OOBTHR55",1,0.0,12,-40.0,95.0,,5,"A";
"OOBTHR56",2,-1099.0,1099.0,-1100.0,1100.0,,5,"A";
"OOBTHR56",1,48,60,-9.0,95.0,,5,"A";
"OOBTHR57",2,-1099.0,1099.0,-1100.0,1100.0,,5,"A";
"OOBTHR57",1,48,60,-9.0,95.0,,5,"A";
"OOBTHR58",2,-1099.0,1099.0,-1100.0,1100.0,,5,"A";
"OOBTHR58",1,48,60,-9.0,95.0,,5,"A";
"OOBTHR59",2,-1099.0,1099.0,-1100.0,1100.0,,5,"A";
"OOBTHR59",1,48,60,-9.0,95.0,,5,"A";
"OOBTHR60",2,-1099.0,1099.0,-1100.0,1100.0,,5,"A";
"OOBTHR60",1,48,60,-9.0,95.0,,5,"A";
"OOBTHR61",2,-1099.0,1099.0,-1100.0,1100.0,,5,"A";
"OOBTHR61",1,48,60,-9.0,95.0,,5,"A";
"OOBTHR62",2,-1099.0,1099.0,-1100.0,1100.0,,5,"A";
"OOBTHR62",1,48,60,-9.0,95.0,,5,"A";
"OOBTHR63",2,-1099.0,1099.0,-1100.0,1100.0,,5,"A";
"OOBTHR63",1,48,60,-9.0,95.0,,5,"A";
"PCM01T",1,85.0,125.0,80.0,130.0,,5,"A";
"PCM02T",1,85.0,125.0,80.0,130.0,,5,"A";
"PCM03T",1,65.0,125.0,60.0,130.0,,5,"A";
"PCM04T",1,65.0,125.0,60.0,130.0,,5,"A";
"PFDM101T",1,47.0,80,40.0,120.0,,5,"A";
"PFDM102T",1,47.0,80,40.0,120.0,,5,"A";
"PFDM201T",1,47.0,80,40.0,120.0,,5,"A";
"PFDM202T",1,47.0,80,40.0,120.0,,5,"A";
"PFFP01T",1,47.0,100.0,40.0,120.0,,5,"A";
"PFTANK1T",1,60,90.0,40.0,100.0,,5,"A";
"PFTANK2T",1,60,90.0,40.0,100.0,,5,"A";
"PFTANKIP",1,270,295.0,240.0,300.0,,5,"A";
"PFTANKOP",1,220.0,295.0,200.0,300.0,,5,"A";
"PHETANKP",1,20,200,0.0,300,,5,"A";
"PHETANKT",1,0.0,100.0,-10.0,120.0,,5,"A";
"PHOFP1T",1,35.0,100.0,30.0,120.0,,5,"A";
"PLAED1AT",1,-80,250,-100,500,,5,"A";
"PLAED1BT",1,-80,250,-100,500,,5,"A";
"PLAED1CT",1,-80,250,-100,500,,5,"A";
"PLAED1DT",1,-80,250,-100,500,,5,"A";
"PLAED1ET",1,-80,250,-100,500,,5,"A";
"PLAED1FT",1,-80,250,-100,500,,5,"A";
"PLAED1GT",1,-80,250,-100,500,,5,"A";
"PLAED1HT",1,-80,250,-100,500,,5,"A";
"PLAED1IT",1,-80,2100,-100,2200,,5,"A";
"PLAED2AT",1,-80,250,-100,500,,5,"A";
"PLAED2BT",1,-80,250,-100,500,,5,"A";
"PLAED2CT",1,-80,2100,-100,2200,,5,"A";
"PLAED2DT",1,-80,250,-100,500,,5,"A";
"PLAED2ET",1,-80,250,-100,500,,5,"A";
"PLAED2FT",1,-80,250,-100,500,,5,"A";
"PLAED2GT",1,-80,250,-100,500,,5,"A";
"PLAED2HT",1,-80,250,-100,500,,5,"A";
"PLAED2IT",1,-80,250,-100,500,,5,"A";
"PLAED3AT",1,-80,250,-100,500,,5,"A";
"PLAED3BT",1,-80,250,-100,500,,5,"A";
"PLAED3CT",1,-80,250,-100,500,,5,"A";
"PLAED3DT",1,-80,250,-100,500,,5,"A";
"PLAED3ET",1,-80,2100,-100,2200,,5,"A";
"PLAED3FT",1,-80,2100,-100,2200,,5,"A";
"PLAED3GT",1,-80,250,-100,500,,5,"A";
"PLAED3HT",1,-80,2100,-100,2200,,5,"A";
"PLAED3IT",1,-80,250,-100,500,,5,"A";
"PLAED4AT",1,-80,250,-100,500,,5,"A";
"PLAED4BT",1,-80,250,-100,500,,5,"A";
"PLAED4CT",1,-80,250,-100,500,,5,"A";
"PLAED4DT",1,-80,250,-100,500,,5,"A";
"PLAED4ET",1,-80,250,-100,500,,5,"A";
"PLAED4FT",1,-80,250,-100,500,,5,"A";
"PLAED4GT",1,-80,250,-100,500,,5,"A";
"PLAED4HT",1,-80,250,-100,500,,5,"A";
"PLAED4IT",1,-80,250,-100,500,,5,"A";
"PLAEV1AT",1,47.0,190.0,40.0,200.0,,5,"A";
"PLAEV1BT",1,47.0,190.0,40.0,200.0,,5,"A";
"PLAEV2AT",1,47.0,190.0,40.0,200.0,,5,"A";
"PLAEV2BT",1,47.0,190.0,40.0,200.0,,5,"A";
"PLAEV3AT",1,47.0,190.0,40.0,200.0,,5,"A";
"PLAEV3BT",1,47.0,190.0,40.0,200.0,,5,"A";
"PLAEV4AT",1,-200,190.0,-300,200.0,,5,"A";
"PLAEV4BT",1,47.0,190.0,40.0,200.0,,5,"A";
"PLINE01T",1,47.0,80,40.0,120.0,,5,"A";
"PLINE02T",1,47.0,85,40.0,160.0,,5,"A";
"PLINE03T",1,60,120.0,40.0,160.0,,5,"A";
"PLINE04T",1,47.0,100,40.0,160.0,,5,"A";
"PLINE05T",1,47.0,90,40.0,120.0,,5,"A";
"PLINE06T",1,45,75,40.0,120.0,,5,"A";
"PLINE07T",1,47.0,95,40.0,120.0,,5,"A";
"PLINE08T",1,47.0,85,40.0,160.0,,5,"A";
"PLINE09T",1,60,130,40.0,160.0,,5,"A";
"PLINE10T",1,65,110.0,40.0,120.0,,5,"A";
"PLINE11T",1,55,100.0,40.0,120.0,,5,"A";
"PLINE12T",1,47.0,80,40.0,120.0,,5,"A";
"PLINE13T",1,47.0,80,40.0,120.0,,5,"A";
"PLINE14T",1,45,80,20.0,120.0,,5,"A";
"PLINE15T",1,45,80,30.0,120.0,,5,"A";
"PLINE16T",1,47.0,100.0,40.0,120.0,,5,"A";
"PM1THV1T",1,47.0,130,40.0,240.0,,5,"A";
"PM1THV2T",1,47.0,130,40.0,240.0,,5,"A";
"PM2THV1T",1,47.0,140,40.0,240.0,,5,"A";
"PM2THV2T",1,47.0,140,40.0,240.0,,5,"A";
"PM3THV1T",1,47.0,110,40.0,240.0,,5,"A";
"PM3THV2T",1,47.0,110,40.0,240.0,,5,"A";
"PM4THV1T",1,47.0,110,40.0,240.0,,5,"A";
"PM4THV2T",1,47.0,110,40.0,240.0,,5,"A";
"PMFP01T",1,47.0,80,40.0,120.0,,5,"A";
"PMTANK1T",1,60,90,40.0,120.0,,5,"A";
"PMTANK2T",1,60,90,40.0,120.0,,5,"A";
"PMTANK3T",1,60,90,40.0,120.0,,5,"A";
"PMTANKP",1,160.0,350.0,150.0,400.0,,5,"A";
"PR1TV01T",1,40.0,120.0,37.0,240.0,,5,"A";
"PR1TV02T",1,40.0,120.0,37.0,240.0,,5,"A";
"PR2TV01T",1,40.0,120.0,37.0,240.0,,5,"A";
"PR2TV02T",1,40.0,120.0,37.0,240.0,,5,"A";
"PR3TV01T",1,40.0,120.0,37.0,240.0,,5,"A";
"PR3TV02T",1,40.0,120.0,37.0,240.0,,5,"A";
"PR4TV01T",1,40.0,120.0,37.0,240.0,,5,"A";
"PR4TV02T",1,40.0,120.0,37.0,240.0,,5,"A";
"PXDM01T",1,47.0,100.0,40.0,120.0,,5,"A";
"PXDM02T",1,47.0,100.0,40.0,120.0,,5,"A";
"PXTANK1T",1,10.0,90.0,0.0,100.0,,5,"A";
"PXTANK2T",1,10.0,90.0,0.0,100.0,,5,"A";
"PXTANKIP",1,250.0,295.0,240.0,300.0,,5,"A";
"PXTANKOP",1,220.0,295.0,200.0,300.0,,5,"A";
"TAPEA1T",1,-4.0,99.0,-9.0,104.0,,5,"A";
"TAPEA2T",1,-4.0,99.0,-9.0,104.0,,5,"A";
"TASPPCM",1,10,70,-70.0,170.0,,5,"A";
"TASPPCP",1,10,70,-70.0,170.0,,5,"A";
"TASPPCU",1,10,70,-70.0,170.0,,5,"A";
"TASPRWC",1,10,70,-70.0,170.0,,5,"A";
"TB1T1",2,27.0,86.0,23.0,106.0,,5,"A";
"TB1T2",2,27.0,86.0,23.0,106.0,,5,"A";
"TB1T3",2,27.0,86.0,23.0,106.0,,5,"A";
"TB2T1",2,27.0,86.0,23.0,106.0,,5,"A";
"TB2T2",2,27.0,86.0,23.0,106.0,,5,"A";
"TB2T3",2,27.0,86.0,23.0,106.0,,5,"A";
"TB3T1",2,27.0,86.0,23.0,106.0,,5,"A";
"TB3T2",2,27.0,86.0,23.0,106.0,,5,"A";
"TB3T3",2,27.0,86.0,23.0,106.0,,5,"A";
"TBOLTCUT",1,-1099.0,1099.0,-1100.0,1100.0,,5,"A";
"TCM_CTU",1,0,75,-13.0,131.0,,5,"A";
"TCM_IFU",1,0,75,-13.0,131.0,,5,"A";
"TCM_OBC",1,0,75,-13.0,131.0,,5,"A";
"TCM_PA1",1,-4.0,75,-13.0,140.0,,5,"A";
"TCM_PA2",1,-4.0,75,-13.0,140.0,,5,"A";
"TCM_PAN",1,0,75,-50.0,170.0,,5,"A";
"TCM_RFAS",1,0,75,-29.0,140.0,,5,"A";
"TCM_SSR1",1,20,75,-4.0,131.0,,5,"A";
"TCM_SSR2",1,20,75,-4.0,131.0,,5,"A";
"TCM_TX1",1,10,75,-4.0,131.0,,5,"A";
"TCM_TX2",1,10,75,-4.0,131.0,,5,"A";
"TCM_USO",1,0,75,-13.0,131.0,,5,"A";
"TCNR_BRM",1,-35,80,-50.0,170.0,,5,"A";
"TCYLAFT1",1,10,70,-50.0,170.0,,5,"A";
"TCYLAFT2",1,10,70,-50.0,170.0,,5,"A";
"TCYLAFT3",1,5,70,-50.0,170.0,,5,"A";
"TCYLAFT4",1,10,70,-50.0,170.0,,5,"A";
"TCYLAFT5",1,10,70,-50.0,170.0,,5,"A";
"TCYLAFT6",1,10,70,-50.0,170.0,,5,"A";
"TCYLCMM",1,10,70,-50.0,170.0,,5,"A";
"TCYLFMZM",1,-45.0,165.0,-50.0,170.0,,5,"A";
"TCYLFMZP",1,-45.0,165.0,-50.0,170.0,,5,"A";
"TCYLPCM",1,10,70,-50.0,170.0,,5,"A";
"TCYLPCP",1,10,70,-50.0,170.0,,5,"A";
"TCYLRWC",1,10,70,-50.0,170.0,,5,"A";
"TCYZ_RW1",1,15,80,5.0,131.0,,5,"A";
"TCYZ_RW6",1,15,80,5.0,131.0,,5,"A";
"TEIO",1,-4.0,117.0,-9.0,122.0,,5,"A";
"TEP_BPAN",1,10,70,-50.0,170.0,,5,"A";
"TEP_EIA",1,10,70,-9.0,120.0,,5,"A";
"TEP_PCU",1,10,70,-9.0,134.0,,5,"A";
"TEP_PPAN",1,10,70,-50.0,170.0,,5,"A";
"TEP_PSU1",1,10,70,-9.0,120.0,,5,"A";
"TEP_PSU2",1,10,70,-9.0,120.0,,5,"A";
"TEP_RCTU",1,-4.0,70,-49.0,131.0,,5,"A";
"TEPHIN",1,10.0,81.0,5.0,86.0,,5,"A";
"TESH1",1,40,80,-13.0,140.0,,5,"A";
"TESH2",1,40,80,-13.0,140.0,,5,"A";
"TFSPCMM",1,10,70,-70.0,170.0,,5,"A";
"TFSPCMP",1,10,70,-70.0,170.0,,5,"A";
"TFSPPCM",1,10,70,-70.0,170.0,,5,"A";
"TFSPPCP",1,10,70,-70.0,170.0,,5,"A";
"TFSPPCU",1,10,70,-70.0,170.0,,5,"A";
"TFSPRWC",1,10,70,-70.0,170.0,,5,"A";
"TFSSBKT1",1,-32,140,-58.0,167.0,,5,"A";
"TFSSBKT2",1,-32,140,-58.0,167.0,,5,"A";
"TFUTSUPN",1,10,110,-50.0,170.0,,5,"A";
"TMYHNG",1,-1099.0,1099.0,-1100.0,1100.0,,5,"A";
"TMYSADA",1,5.0,70,-4.0,131.0,,5,"A";
"TMZLGABM",1,-20,120,-85.0,239.0,,5,"A";
"TMZP_CNT",1,-32,130,-50.0,170.0,,5,"A";
"TMZP_MY",1,-32,130,-50.0,170.0,,5,"A";
"TMZP_PY",1,-32,130,-50.0,170.0,,5,"A";
"TOXTSUPN",1,10,70,-50.0,170.0,,5,"A";
"TPC_CEA",1,10,70,-29.0,150.0,,5,"A";
"TPC_DEA",1,10,70,-29.0,150.0,,5,"A";
"TPC_ESE",1,5,70,-13.0,140.0,,5,"A";
"TPC_FSSE",1,-4,70,-22.0,131.0,,5,"A";
"TPC_PAN",1,0,70,-50.0,170.0,,5,"A";
"TPC_RCTU",1,-4.0,70,-49.0,131.0,,5,"A";
"TPC_WDA",1,-10,70,-29.0,150.0,,5,"A";
"TPCM_RW4",1,15,80,5.0,131.0,,5,"A";
"TPCM_RW5",1,15,80,5.0,131.0,,5,"A";
"TPCP_RW2",1,15,80,5.0,131.0,,5,"A";
"TPCP_RW3",1,15,80,5.0,131.0,,5,"A";
"TPYSADA",1,5.0,70,-4.0,131.0,,5,"A";
"TPZLGABM",1,-100,120,-103.0,239.0,,5,"A";
"TRSPMTPC",1,10,70,-70.0,170.0,,5,"A";
"TRSPOTEP",1,10,70,-70.0,170.0,,5,"A";
"TRSPOTEX",1,0,70,-70.0,170.0,,5,"A";
"TRSPOTPC",1,10,70,-70.0,170.0,,5,"A";
"TRSPRWBB",1,10,70,-70.0,170.0,,5,"A";
"TRSPRWBC",1,10,70,-70.0,170.0,,5,"A";
"TRSPRWCM",1,10,70,-70.0,170.0,,5,"A";
"TSAMYT",2,100.57,135.0,80.0,149.0,,5,"A";
"TSAPYT",2,100.57,135.0,80.0,149.0,,5,"A";
"TSCIUSF1",1,-1099.0,1099.0,-1100.0,1100.0,,5,"A";
"TSCIUSF2",1,-1099.0,1099.0,-1100.0,1100.0,,5,"A";
"TSCIUSF5",1,-1099.0,1099.0,-1100.0,1100.0,,5,"A";
"TSCIUSF8",1,-1099.0,1099.0,-1100.0,1100.0,,5,"A";
"TSCTSF1",1,10,70,-4.0,86.0,,5,"A";
"TSCTSF2",1,10,70,-4.0,86.0,,5,"A";
"TSCTSF3",1,5,70,-4.0,86.0,,5,"A";
"TSCTSF4",1,10,70,-4.0,86.0,,5,"A";
"TSCTSF5",1,10,70,-4.0,86.0,,5,"A";
"TSCTSF6",1,10,70,-4.0,86.0,,5,"A";
"ELBI_LOW",1,16,50,13.0,66.0,,5,"A";
"2GRDVALV_S",1,149.0,151.0,148.0,152.0,,5,"A";
"2GRDVALV_S",2,140.0,142.0,139.0,143.0,,5,"A";
"2IMBPAST_S",1,-1.0,1.0,-2.0,2.0,,5,"A";
"2IMBPAST_S",2,-1.0,92.0,-2.0,93.0,,5,"A";
"2IMHBLV_S",1,126.0,128.0,125.0,129.0,,5,"A";
"2IMHBLV_S",2,85.0,128.0,84.0,129.0,,5,"A";
"2IMHVLV_S",1,126.0,128.0,125.0,129.0,,5,"A";
"2IMHVLV_S",2,78.0,128.0,77.0,129.0,,5,"A";
"2IMTPAST_S",1,-1.0,1.0,-2.0,2.0,,5,"A";
"2IMTPAST_S",2,-1.0,80.0,-2.0,81.0,,5,"A";
"2SPBPAST_S",1,-1.0,103.0,-2.0,104.0,,5,"A";
"2SPBPAST_S",2,-1.0,1.0,-2.0,2.0,,5,"A";
"2SPHBLV_S",1,79.0,128.0,78.0,129.0,,5,"A";
"2SPHBLV_S",2,126.0,128.0,125.0,129.0,,5,"A";
"2SPHVLV_S",1,72.0,128.0,71.0,129.0,,5,"A";
"2SPHVLV_S",2,126.0,128.0,125.0,129.0,,5,"A";
"2SPTPAST_S",1,-1.0,91.0,-2.0,92.0,,5,"A";
"2SPTPAST_S",2,-1.0,1.0,-2.0,2.0,,5,"A";
"1DACTAT",1,-99.0,99.0,-999.0,999.0,,5,"A";
"1DAHACU",1,-99.0,99.0,-999.0,999.0,,5,"A";
"1DAHAT",1,-99.0,99.0,-999.0,999.0,,5,"A";
"1DAHAVO",1,-99.0,99.0,-999.0,999.0,,5,"A";
"1DAHBCU",1,-99.0,99.0,-999.0,999.0,,5,"A";
"1DAHBT",1,-99.0,99.0,-999.0,999.0,,5,"A";
"1DAHBVO",1,-99.0,99.0,-999.0,999.0,,5,"A";
"1DAHHAVO",1,-99.0,99.0,-999.0,999.0,,5,"A";
"1DAHHBVO",1,-99.0,99.0,-999.0,999.0,,5,"A";
"1DE28AVO",1,-99.0,99.0,-999.0,999.0,,5,"A";
"1DE28BVO",1,-99.0,99.0,-999.0,999.0,,5,"A";
"1DEICACU",1,-99.0,99.0,-999.0,999.0,,5,"A";
"1DEICBCU",1,-99.0,99.0,-999.0,999.0,,5,"A";
"1DEN0AVO",1,-99.0,99.0,-999.0,999.0,,5,"A";
"1DEN0BVO",1,-99.0,99.0,-999.0,999.0,,5,"A";
"1DEN1AVO",1,-99.0,99.0,-999.0,999.0,,5,"A";
"1DEN1BVO",1,-99.0,99.0,-999.0,999.0,,5,"A";
"1DEP0AVO",1,-99.0,99.0,-999.0,999.0,,5,"A";
"1DEP0BVO",1,-99.0,99.0,-999.0,999.0,,5,"A";
"1DEP1AVO",1,-99.0,99.0,-999.0,999.0,,5,"A";
"1DEP1BVO",1,-99.0,99.0,-999.0,999.0,,5,"A";
"1DEP2AVO",1,-99.0,99.0,-999.0,999.0,,5,"A";
"1DEP2BVO",1,-99.0,99.0,-999.0,999.0,,5,"A";
"1DEP3AVO",1,-99.0,99.0,-999.0,999.0,,5,"A";
"1DEP3BVO",1,-99.0,99.0,-999.0,999.0,,5,"A";
"1DP28AVO",1,-99.0,99.0,-999.0,999.0,,5,"A";
"1DP28BVO",1,-99.0,99.0,-999.0,999.0,,5,"A";
"1DPICACU",1,-99.0,99.0,-999.0,999.0,,5,"A";
"1DPICBCU",1,-99.0,99.0,-999.0,999.0,,5,"A";
"1DPP0AVO",1,-99.0,99.0,-999.0,999.0,,5,"A";
"1DPP0BVO",1,-99.0,99.0,-999.0,999.0,,5,"A";
"COFLAXSM",1,-65535,65536,-65536,65537,,5,"A";
"ESAPYI",1,7.5,27,6.5,33.0,,5,"A";
"EUVSENPR",1,-1.0,0.9,-2.0,0.95,,5,"A";
"EUVSENRD",1,-1.0,0.9,-2.0,0.95,,5,"A";
"TB1T1",1,25.0,86.0,24.0,106.0,,5,"A";
"TB1T2",1,25.0,86.0,24.0,106.0,,5,"A";
"TB1T3",1,25.0,86.0,24.0,106.0,,5,"A";
"TB2T1",1,27.0,86.0,23.0,106.0,,5,"A";
"TB2T2",1,27.0,86.0,23.0,106.0,,5,"A";
"TB2T3",1,27.0,86.0,23.0,106.0,,5,"A";
"TB3T1",1,27.0,86.0,23.0,106.0,,5,"A";
"TB3T2",1,27.0,86.0,23.0,106.0,,5,"A";
"TB3T3",1,27.0,86.0,23.0,106.0,,5,"A";
"TSAMYT",1,96.2,167.0,93.0,200.0,,5,"A";
"TSAPYT",1,96.2,167.0,93.0,200.0,,5,"A";
"OFLMLDS2",1,-99.0,1.0,-999.0,2.0,,5,"A";
"CPCA15V",2,-9999998.0,9999998.0,-9999999.0,9999999.0,,5,"A";
"CPCB5V",2,-9999998.0,9999998.0,-9999999.0,9999999.0,,5,"A";
"CPCB15V",2,-9999998.0,9999998.0,-9999999.0,9999999.0,,5,"A";
"CSITA5V",2,-9999998.0,9999998.0,-9999999.0,9999999.0,,5,"A";
"CSITA15V",2,-9999998.0,9999998.0,-9999999.0,9999999.0,,5,"A";
"CSITB5V",2,-9999998.0,9999998.0,-9999999.0,9999999.0,,5,"A";
"CSITB15V",2,-9999998.0,9999998.0,-9999999.0,9999999.0,,5,"A";
"CTSA5V",2,-9999998.0,9999998.0,-9999999.0,9999999.0,,5,"A";
"CTSA15V",2,-9999998.0,9999998.0,-9999999.0,9999999.0,,5,"A";
"CTSB5V",2,-9999998.0,9999998.0,-9999999.0,9999999.0,,5,"A";
"CTSB15V",2,-9999998.0,9999998.0,-9999999.0,9999999.0,,5,"A";
"CTUA5V",2,-9999998.0,9999998.0,-9999999.0,9999999.0,,5,"A";
"CTUA15V",2,-9999998.0,9999998.0,-9999999.0,9999999.0,,5,"A";
"CTUB5V",2,-9999998.0,9999998.0,-9999999.0,9999999.0,,5,"A";
"CTUB15V",2,-9999998.0,9999998.0,-9999999.0,9999999.0,,5,"A";
"CIUA5V",2,-9999998.0,9999998.0,-9999999.0,9999999.0,,5,"A";
"CONLAXSM",1,-65535,65536,-65536,65537,,5,"A";
"ONLMLDS2",1,-1,1.0,-2,5,,5,"A";
"EOCHRGB2",1,0.25,1.1,0.2,1.2,,5,"A";
"EOCHRGB3",1,0.25,1.1,0.2,1.2,,5,"A";
"EB1V",1,31.5,34.0,26.7,34.5,,5,"A";
"EB2CI",1,0.2,0.7,0.14,0.99,,5,"A";
"EB2DI",1,0.0,1.0,-1.0,2.5,,5,"A";
"EB2V",1,31.5,34.0,26.7,34.5,,5,"A";
"EB3CI",1,0.2,0.7,0.14,0.99,,5,"A";
"EB3DI",1,0.0,1.0,-1.0,2.5,,5,"A";
"EB3V",1,31.5,34.0,26.7,34.5,,5,"A";
"ECNV1V",1,14.55,15.75,14.25,16.0,,5,"A";
"ECNV2V",1,14.55,15.75,14.25,16.0,,5,"A";
"ECNV3V",1,14.55,15.75,14.25,16.0,,5,"A";
"EDISSNPR",1,-1.0,0.9,-2.0,0.95,,5,"A";
"EDISSNRD",1,-1.0,0.9,-2.0,0.95,,5,"A";
"EEPA5V",1,5.15,5.35,4.8,5.5,,5,"A";
"EEPB5V",1,5.15,5.35,4.8,5.5,,5,"A";
"ELBI",1,20.0,60.0,13.0,66.0,,5,"A";
"ELBV",1,28,32.5,25.0,34.6,,5,"A";
"EPA15V",1,14.8,15.8,12.5,16.0,,5,"A";
"EPB15V",1,14.8,15.8,12.5,16.0,,5,"A";
"EPOVSPR",1,-1.0,0.8,-2.0,0.9,,5,"A";
"EPOVSRD",1,-1.0,0.8,-2.0,0.9,,5,"A";
"ESAMYI",1,8.5,27,6.5,33.0,,5,"A";
"CIUA15V",2,-9999998.0,9999998.0,-9999999.0,9999999.0,,5,"A";
"CIUB5V",2,-9999998.0,9999998.0,-9999999.0,9999999.0,,5,"A";
"CIUB15V",2,-9999998.0,9999998.0,-9999999.0,9999999.0,,5,"A";
"CUSOA28V",2,-9999998.0,9999998.0,-9999999.0,9999999.0,,5,"A";
"CUSOB28V",2,-9999998.0,9999998.0,-9999999.0,9999999.0,,5,"A";
"CUSOAOVN",2,-9999998.0,9999998.0,-9999999.0,9999999.0,,5,"A";
"CUSOBOVN",2,-9999998.0,9999998.0,-9999999.0,9999999.0,,5,"A";
"CTXAV",2,-9999998.0,9999998.0,-9999999.0,9999999.0,,5,"A";
"CTXBV",2,-9999998.0,9999998.0,-9999999.0,9999999.0,,5,"A";
"CTXAPWR",2,-9999998.0,9999998.0,-9999999.0,9999999.0,,5,"A";
"CTXBPWR",2,-9999998.0,9999998.0,-9999999.0,9999999.0,,5,"A";
"CPA1V",2,-9999998.0,9999998.0,-9999999.0,9999999.0,,5,"A";
"CPA2V",2,-9999998.0,9999998.0,-9999999.0,9999999.0,,5,"A";
"CPA1PWR",2,-9999998.0,9999998.0,-9999999.0,9999999.0,,5,"A";
"CPA2PWR",2,-9999998.0,9999998.0,-9999999.0,9999999.0,,5,"A";
"CSSR2CBV",2,-9999998.0,9999998.0,-9999999.0,9999999.0,,5,"A";
"C10VREFB",2,-9999998.0,9999998.0,-9999999.0,9999999.0,,5,"A";
"C28VMONB",2,-9999998.0,9999998.0,-9999999.0,9999999.0,,5,"A";
"AFLCAAH",2,-1000,1000,-1100,1100,,5,"A";
"AFLCABH",2,-1000,1000,-1100,1100,,5,"A";
"AFSSPC2V",2,3.15,3.85,1.75,4.5,,5,"A";
"AGWS2V",2,2.4,3,2.3,3.1,,5,"A";
"AWD1TQI",2,-3.4,3.4,-3.5,3.5,,5,"A";
"AWD1TQI",3,-1.22,1.22,-3.3,3.3,,5,"A";
"AWD2TQI",2,-3.4,3.4,-3.5,3.5,,5,"A";
"AWD2TQI",3,-1.22,1.22,-3.3,3.3,,5,"A";
"AWD3TQI",2,-3.4,3.4,-3.5,3.5,,5,"A";
"AWD3TQI",3,-1.22,1.22,-3.3,3.3,,5,"A";
"AWD4TQI",2,-3.4,3.4,-3.5,3.5,,5,"A";
"AWD4TQI",3,-1.22,1.22,-3.3,3.3,,5,"A";
"AWD5TQI",2,-3.4,3.4,-3.5,3.5,,5,"A";
"AWD5TQI",3,-1.22,1.22,-3.3,3.3,,5,"A";
"AWD6TQI",2,-3.4,3.4,-3.5,3.5,,5,"A";
"AWD6TQI",3,-1.22,1.22,-3.3,3.3,,5,"A";
"C10VREFA",2,-9999998,9999998,-9999999,9999999,,5,"A";
"C28VMONA",2,-9999998,9999998,-9999999,9999999,,5,"A";
"CRXASIG",2,-9999998,9999998,-9999999,9999999,,5,"A";
"CRXBSIG",2,-9999998,9999998,-9999999,9999999,,5,"A";
"CSSR1CAV",2,-9999998,9999998,-9999999,9999999,,5,"A";
