"4RT595T",1,0.0,1.0,4,152.65654,-0.010746504,-0.010887349,0.000067705986,-0.0000001392582,,,,,;
"4RT596T",1,0.0,1.0,4,152.65654,-0.010746504,-0.010887349,0.000067705986,-0.0000001392582,,,,,;
"4RT597T",1,0.0,1.0,4,152.65654,-0.010746504,-0.010887349,0.000067705986,-0.0000001392582,,,,,;
"4RT598T",1,0.0,1.0,4,152.65654,-0.010746504,-0.010887349,0.000067705986,-0.0000001392582,,,,,;
"4RT700T",1,0.0,1.0,4,180.76303,-0.89804346,-0.00063099847,0.000017996102,-0.0000000508376,,,,,;
"4RT701T",1,0.0,1.0,4,180.76303,-0.89804346,-0.00063099847,0.000017996102,-0.0000000508376,,,,,;
"4RT702T",1,0.0,1.0,4,180.76303,-0.89804346,-0.00063099847,0.000017996102,-0.0000000508376,,,,,;
"4RT703T",1,0.0,1.0,4,180.76303,-0.89804346,-0.00063099847,0.000017996102,-0.0000000508376,,,,,;
"4RT704T",1,0.0,1.0,4,180.76303,-0.89804346,-0.00063099847,0.000017996102,-0.0000000508376,,,,,;
"4RT705T",1,0.0,1.0,4,180.76303,-0.89804346,-0.00063099847,0.000017996102,-0.0000000508376,,,,,;
"4RT706T",1,0.0,1.0,4,180.76303,-0.89804346,-0.00063099847,0.000017996102,-0.0000000508376,,,,,;
"4RT707T",1,0.0,1.0,4,180.76303,-0.89804346,-0.00063099847,0.000017996102,-0.0000000508376,,,,,;
"4RT708T",1,0.0,1.0,4,180.76303,-0.89804346,-0.00063099847,0.000017996102,-0.0000000508376,,,,,;
"4RT709T",1,0.0,1.0,4,180.76303,-0.89804346,-0.00063099847,0.000017996102,-0.0000000508376,,,,,;
"4RT710T",1,0.0,1.0,4,180.76303,-0.89804346,-0.00063099847,0.000017996102,-0.0000000508376,,,,,;
"4RT711T",1,0.0,1.0,4,180.76303,-0.89804346,-0.00063099847,0.000017996102,-0.0000000508376,,,,,;
"5EHSE300",1,0.0,1.0,9,162.383521,-6.48669327,0.204368646,-0.00435885405,0.0000604610755,-0.0000005473181,3.19812384E-09,-1.16028797E-11,2.37348537E-14,-2.09061397E-17;
"1CBAT",1,0.0,1.0,3,-238.67,2.218,0.002009,-0.000003181,,,,,,;
"1CBBT",1,0.0,1.0,3,-238.67,2.218,0.002009,-0.000003181,,,,,,;
"1CRAT",1,0.0,1.0,3,-238.67,2.218,0.002009,-0.000003181,,,,,,;
"1CRBT",1,0.0,1.0,3,-238.67,2.218,0.002009,-0.000003181,,,,,,;
"1DACTAT",1,0.0,1.0,1,-61.1,1.3,,,,,,,,;
"1DACTBT",1,0.0,1.0,3,-238.67,2.218,0.002009,-0.000003181,,,,,,;
"1DAHACU",1,0.0,1.0,1,0,0.02,,,,,,,,;
"1DAHAVO",1,0.0,1.0,1,0,0.1198,,,,,,,,;
"1DAHBCU",1,0.0,1.0,1,0,0.02,,,,,,,,;
"1DAHBVO",1,0.0,1.0,1,0,0.1198,,,,,,,,;
"1DAHHAVO",1,0.0,1.0,1,0,0.156,,,,,,,,;
"1DAHHBVO",1,0.0,1.0,1,0,0.156,,,,,,,,;
"1DE28AVO",1,0.0,1.0,1,0,0.138,,,,,,,,;
"1DE28BVO",1,0.0,1.0,1,0,0.138,,,,,,,,;
"1DEICACU",1,0.0,1.0,1,18.09,-0.0704,,,,,,,,;
"1DEICBCU",1,0.0,1.0,1,18.09,-0.0704,,,,,,,,;
"1DEN0AVO",1,0.0,1.0,1,0,-0.0301,,,,,,,,;
"1DEN0BVO",1,0.0,1.0,1,0,-0.0301,,,,,,,,;
"1DEN1AVO",1,0.0,1.0,1,0,-0.0769,,,,,,,,;
"1DEN1BVO",1,0.0,1.0,1,0,-0.0769,,,,,,,,;
"1DEP0AVO",1,0.0,1.0,1,0,0.03,,,,,,,,;
"1DEP0BVO",1,0.0,1.0,1,0,0.03,,,,,,,,;
"1DEP1AVO",1,0.0,1.0,1,0,0.0781,,,,,,,,;
"1DEP1BVO",1,0.0,1.0,1,0,0.0781,,,,,,,,;
"1DEP2AVO",1,0.0,1.0,1,0,0.12,,,,,,,,;
"1DEP2BVO",1,0.0,1.0,1,0,0.12,,,,,,,,;
"1DEP3AVO",1,0.0,1.0,1,0,0.15,,,,,,,,;
"1DEP3BVO",1,0.0,1.0,1,0,0.15,,,,,,,,;
"1DP28AVO",1,0.0,1.0,1,0,0.138,,,,,,,,;
"1DP28BVO",1,0.0,1.0,1,0,0.138,,,,,,,,;
"1DPICACU",1,0.0,1.0,1,0,0.0101,,,,,,,,;
"1DPICBCU",1,0.0,1.0,1,0,0.0101,,,,,,,,;
"1DPP0AVO",1,0.0,1.0,1,0,0.022,,,,,,,,;
"1DPP0BVO",1,0.0,1.0,1,0,0.022,,,,,,,,;
"1HOPRAPR",1,0.0,1.0,1,-21.13,0.284,,,,,,,,;
"1HOPRBPR",1,0.0,1.0,1,-19.1,0.284,,,,,,,,;
"1OAHAT",1,0.0,1.0,3,-238.67,2.218,0.002009,-0.000003181,,,,,,;
"1OAHBT",1,0.0,1.0,3,-238.67,2.218,0.002009,-0.000003181,,,,,,;
"1PDEAAT",1,0.0,1.0,3,-238.67,2.218,0.002009,-0.000003181,,,,,,;
"1PDEABT",1,0.0,1.0,3,-238.67,2.218,0.002009,-0.000003181,,,,,,;
"1PIN1AT",1,0.0,1.0,3,-238.67,1.11457,0.00050731,-0.00000040367,,,,,,;
"1WRAT",1,0.0,1.0,3,-238.67,2.218,0.002009,-0.000003181,,,,,,;
"1WRBT",1,0.0,1.0,3,-238.67,2.218,0.002009,-0.000003181,,,,,,;
"2CE00ATM",1,0.0,1.0,3,65.4,-0.7545,0.003375,-0.00000873,,,,,,;
"2CE01ATM",1,0.0,1.0,3,65.4,-0.7545,0.003375,-0.00000873,,,,,,;
"2CEAHVPT",1,0.0,1.0,3,90.9058,-1.42289,0.00835591,-0.0000222603,,,,,,;
"2CHTRPZT",1,0.0,1.0,3,90.9058,-1.42289,0.00835591,-0.0000222603,,,,,,;
"2CONDMXT",1,0.0,1.0,3,90.9058,-1.42289,0.00835591,-0.0000222603,,,,,,;
"2DCENTRT",1,0.0,1.0,3,90.9058,-1.42289,0.00835591,-0.0000222603,,,,,,;
"2DTSTATT",1,0.0,1.0,3,90.9058,-1.42289,0.00835591,-0.0000222603,,,,,,;
"2FE00ATM",1,0.0,1.0,3,65.4,-0.7545,0.003375,-0.00000873,,,,,,;
"2FEPRATM",1,0.0,1.0,3,171.14,-3.242,0.021696,-0.00005552,,,,,,;
"2FHTRMZT",1,0.0,1.0,3,90.9058,-1.42289,0.00835591,-0.0000222603,,,,,,;
"2FRADPYT",1,0.0,1.0,3,90.9058,-1.42289,0.00835591,-0.0000222603,,,,,,;
"2IMHVATM",1,0.0,1.0,3,65.4,-0.7545,0.003375,-0.00000873,,,,,,;
"2IMINATM",1,0.0,1.0,3,171.14,-3.242,0.021696,-0.00005552,,,,,,;
"2LVPLATM",1,0.0,1.0,3,65.4,-0.7545,0.003375,-0.00000873,,,,,,;
"2PMT1T",1,0.0,1.0,3,90.9058,-1.42289,0.00835591,-0.0000222603,,,,,,;
"2PMT2T",1,0.0,1.0,3,90.9058,-1.42289,0.00835591,-0.0000222603,,,,,,;
"2SMTRATM",1,0.0,1.0,3,-58.4,0.932,-0.00495,0.0000128,,,,,,;
"2SPHVATM",1,0.0,1.0,3,65.4,-0.7545,0.003375,-0.00000873,,,,,,;
"2SPINATM",1,0.0,1.0,3,171.14,-3.242,0.021696,-0.00005552,,,,,,;
"2UVLSPXT",1,0.0,1.0,3,90.9058,-1.42289,0.00835591,-0.0000222603,,,,,,;
"4ALL1AT",1,0.0,1.0,9,268.767835,-14.5971822,0.590122396,-0.014779412,0.00022850068,-0.0000022179158,1.34997518E-08,-4.98774495E-11,1.02015218E-13,-8.84451853E-17;
"4ALL1BT",1,0.0,1.0,9,268.767835,-14.5971822,0.590122396,-0.014779412,0.00022850068,-0.0000022179158,1.34997518E-08,-4.98774495E-11,1.02015218E-13,-8.84451853E-17;
"4ALL2AT",1,0.0,1.0,9,268.767835,-14.5971822,0.590122396,-0.014779412,0.00022850068,-0.0000022179158,1.34997518E-08,-4.98774495E-11,1.02015218E-13,-8.84451853E-17;
"4ALL2BT",1,0.0,1.0,9,268.767835,-14.5971822,0.590122396,-0.014779412,0.00022850068,-0.0000022179158,1.34997518E-08,-4.98774495E-11,1.02015218E-13,-8.84451853E-17;
"4HFSPAT",1,0.0,1.0,9,268.767835,-14.5971822,0.590122396,-0.014779412,0.00022850068,-0.0000022179158,1.34997518E-08,-4.98774495E-11,1.02015218E-13,-8.84451853E-17;
"4HFSPBT",1,0.0,1.0,9,268.767835,-14.5971822,0.590122396,-0.014779412,0.00022850068,-0.0000022179158,1.34997518E-08,-4.98774495E-11,1.02015218E-13,-8.84451853E-17;
"4HLL1AT",1,0.0,1.0,9,268.767835,-14.5971822,0.590122396,-0.014779412,0.00022850068,-0.0000022179158,1.34997518E-08,-4.98774495E-11,1.02015218E-13,-8.84451853E-17;
"4HLL1BT",1,0.0,1.0,9,268.767835,-14.5971822,0.590122396,-0.014779412,0.00022850068,-0.0000022179158,1.34997518E-08,-4.98774495E-11,1.02015218E-13,-8.84451853E-17;
"4HLL2AT",1,0.0,1.0,9,268.767835,-14.5971822,0.590122396,-0.014779412,0.00022850068,-0.0000022179158,1.34997518E-08,-4.98774495E-11,1.02015218E-13,-8.84451853E-17;
"4HLL2BT",1,0.0,1.0,9,268.767835,-14.5971822,0.590122396,-0.014779412,0.00022850068,-0.0000022179158,1.34997518E-08,-4.98774495E-11,1.02015218E-13,-8.84451853E-17;
"4LFSPAT",1,0.0,1.0,9,268.767835,-14.5971822,0.590122396,-0.014779412,0.00022850068,-0.0000022179158,1.34997518E-08,-4.98774495E-11,1.02015218E-13,-8.84451853E-17;
"4LFSPBT",1,0.0,1.0,9,268.767835,-14.5971822,0.590122396,-0.014779412,0.00022850068,-0.0000022179158,1.34997518E-08,-4.98774495E-11,1.02015218E-13,-8.84451853E-17;
"4LLL1AT",1,0.0,1.0,9,268.767835,-14.5971822,0.590122396,-0.014779412,0.00022850068,-0.0000022179158,1.34997518E-08,-4.98774495E-11,1.02015218E-13,-8.84451853E-17;
"4LLL1BT",1,0.0,1.0,9,268.767835,-14.5971822,0.590122396,-0.014779412,0.00022850068,-0.0000022179158,1.34997518E-08,-4.98774495E-11,1.02015218E-13,-8.84451853E-17;
"4LLL2AT",1,0.0,1.0,9,268.767835,-14.5971822,0.590122396,-0.014779412,0.00022850068,-0.0000022179158,1.34997518E-08,-4.98774495E-11,1.02015218E-13,-8.84451853E-17;
"4LLL2BT",1,0.0,1.0,9,268.767835,-14.5971822,0.590122396,-0.014779412,0.00022850068,-0.0000022179158,1.34997518E-08,-4.98774495E-11,1.02015218E-13,-8.84451853E-17;
"4PRT1AT",1,0.0,1.0,3,-197.77359,0.78623849,0.00071292,0.00000099479742,,,,,,;
"4PRT1BT",1,0.0,1.0,3,-197.77359,0.78623849,0.00071292,0.00000099479742,,,,,,;
"4PRT2AT",1,0.0,1.0,3,-197.77359,0.78623849,0.00071292,0.00000099479742,,,,,,;
"4PRT2BT",1,0.0,1.0,3,-197.77359,0.78623849,0.00071292,0.00000099479742,,,,,,;
"4PRT3AT",1,0.0,1.0,3,-197.77359,0.78623849,0.00071292,0.00000099479742,,,,,,;
"4PRT3BT",1,0.0,1.0,3,-197.77359,0.78623849,0.00071292,0.00000099479742,,,,,,;
"4PRT4AT",1,0.0,1.0,3,-197.77359,0.78623849,0.00071292,0.00000099479742,,,,,,;
"4PRT4BT",1,0.0,1.0,3,-197.77359,0.78623849,0.00071292,0.00000099479742,,,,,,;
"4PRT5AT",1,0.0,1.0,3,-197.77359,0.78623849,0.00071292,0.00000099479742,,,,,,;
"4PRT5BT",1,0.0,1.0,3,-197.77359,0.78623849,0.00071292,0.00000099479742,,,,,,;
"4RT555T",1,0.0,1.0,4,152.65654,-0.010746504,-0.010887349,0.000067705986,-0.0000001392582,,,,,;
"4RT556T",1,0.0,1.0,4,152.65654,-0.010746504,-0.010887349,0.000067705986,-0.0000001392582,,,,,;
"4RT557T",1,0.0,1.0,4,152.65654,-0.010746504,-0.010887349,0.000067705986,-0.0000001392582,,,,,;
"4RT558T",1,0.0,1.0,4,152.65654,-0.010746504,-0.010887349,0.000067705986,-0.0000001392582,,,,,;
"4RT559T",1,0.0,1.0,4,152.65654,-0.010746504,-0.010887349,0.000067705986,-0.0000001392582,,,,,;
"4RT560T",1,0.0,1.0,4,152.65654,-0.010746504,-0.010887349,0.000067705986,-0.0000001392582,,,,,;
"4RT561T",1,0.0,1.0,4,152.65654,-0.010746504,-0.010887349,0.000067705986,-0.0000001392582,,,,,;
"4RT562T",1,0.0,1.0,4,152.65654,-0.010746504,-0.010887349,0.000067705986,-0.0000001392582,,,,,;
"4RT563T",1,0.0,1.0,4,152.65654,-0.010746504,-0.010887349,0.000067705986,-0.0000001392582,,,,,;
"4RT564T",1,0.0,1.0,4,152.65654,-0.010746504,-0.010887349,0.000067705986,-0.0000001392582,,,,,;
"4RT565T",1,0.0,1.0,4,152.65654,-0.010746504,-0.010887349,0.000067705986,-0.0000001392582,,,,,;
"4RT567T",1,0.0,1.0,4,152.65654,-0.010746504,-0.010887349,0.000067705986,-0.0000001392582,,,,,;
"4RT568T",1,0.0,1.0,4,152.65654,-0.010746504,-0.010887349,0.000067705986,-0.0000001392582,,,,,;
"4RT569T",1,0.0,1.0,3,191.69355,-1.2483199,0.0041958907,-0.0000073487126,,,,,,;
"4RT570T",1,0.0,1.0,3,191.69355,-1.2483199,0.0041958907,-0.0000073487126,,,,,,;
"4RT575T",1,0.0,1.0,4,180.76303,-0.89804346,-0.00063099847,0.000017996102,-0.0000000508376,,,,,;
"4RT576T",1,0.0,1.0,4,180.76303,-0.89804346,-0.00063099847,0.000017996102,-0.0000000508376,,,,,;
"4RT577T",1,0.0,1.0,4,180.76303,-0.89804346,-0.00063099847,0.000017996102,-0.0000000508376,,,,,;
"4RT578T",1,0.0,1.0,4,180.76303,-0.89804346,-0.00063099847,0.000017996102,-0.0000000508376,,,,,;
"4RT579T",1,0.0,1.0,4,180.76303,-0.89804346,-0.00063099847,0.000017996102,-0.0000000508376,,,,,;
"4RT580T",1,0.0,1.0,4,180.76303,-0.89804346,-0.00063099847,0.000017996102,-0.0000000508376,,,,,;
"4RT581T",1,0.0,1.0,4,180.76303,-0.89804346,-0.00063099847,0.000017996102,-0.0000000508376,,,,,;
"4RT582T",1,0.0,1.0,3,191.69355,-1.2483199,0.0041958907,-0.0000073487126,,,,,,;
"4RT583T",1,0.0,1.0,3,191.69355,-1.2483199,0.0041958907,-0.0000073487126,,,,,,;
"4RT584T",1,0.0,1.0,3,191.69355,-1.2483199,0.0041958907,-0.0000073487126,,,,,,;
"4RT585T",1,0.0,1.0,3,191.69355,-1.2483199,0.0041958907,-0.0000073487126,,,,,,;
"4RT586T",1,0.0,1.0,3,191.69355,-1.2483199,0.0041958907,-0.0000073487126,,,,,,;
"4RT587T",1,0.0,1.0,3,191.69355,-1.2483199,0.0041958907,-0.0000073487126,,,,,,;
"4RT588T",1,0.0,1.0,3,191.69355,-1.2483199,0.0041958907,-0.0000073487126,,,,,,;
"4RT589T",1,0.0,1.0,3,191.69355,-1.2483199,0.0041958907,-0.0000073487126,,,,,,;
"4RT590T",1,0.0,1.0,3,191.69355,-1.2483199,0.0041958907,-0.0000073487126,,,,,,;
"4RT591T",1,0.0,1.0,3,191.69355,-1.2483199,0.0041958907,-0.0000073487126,,,,,,;
"4RT592T",1,0.0,1.0,3,191.69355,-1.2483199,0.0041958907,-0.0000073487126,,,,,,;
"4RT593T",1,0.0,1.0,3,191.69355,-1.2483199,0.0041958907,-0.0000073487126,,,,,,;
"4RT594T",1,0.0,1.0,4,152.65654,-0.010746504,-0.010887349,0.000067705986,-0.0000001392582,,,,,;
"6ALPANG",1,0.0,1.0,9,-49.3390766,0.001740797902,4.215834775E-08,9.618412875E-12,-1.571572288E-15,1.760042016E-19,-1.122202398E-23,3.790767373E-28,-6.452594456E-33,4.394022233E-38;
"6BETANG",1,0.0,1.0,9,-50.5946972,0.001740140705,4.208373827E-08,9.628465554E-12,-1.572932628E-15,1.760666686E-19,-1.122015575E-23,3.788532883E-28,-6.4464883E-33,4.388474249E-38;
"AOALPANG",1,0.0,1.0,9,-50.01873285,0.001739300837,4.202023792E-08,9.617900394E-12,-1.570367949E-15,1.756637723E-19,-1.118788495E-23,3.775679639E-28,-6.421573874E-33,4.369576818E-38;
"AOBETANG",1,0.0,1.0,9,-50.16789839,0.001739575081,4.202728171E-08,9.631457701E-12,-1.573063077E-15,1.760037996E-19,-1.121133178E-23,3.784196473E-28,-6.437103687E-33,4.380850442E-38;
"ASPEFSW1B",1,0.0,1.0,9,-50.01873285,0.001739300837,4.202023792E-08,9.617900394E-12,-1.570367949E-15,1.756637723E-19,-1.118788495E-23,3.775679639E-28,-6.421573874E-33,4.369576818E-38;
"ASPEFSW2B",1,0.0,1.0,9,-49.3390766,0.001740797902,4.215834775E-08,9.618412875E-12,-1.571572288E-15,1.760042016E-19,-1.122202398E-23,3.790767373E-28,-6.452594456E-33,4.394022233E-38;
"ASPEFSW3B",1,0.0,1.0,9,-50.16789839,0.001739575081,4.202728171E-08,9.631457701E-12,-1.573063077E-15,1.760037996E-19,-1.121133178E-23,3.784196473E-28,-6.437103687E-33,4.380850442E-38;
"ASPEFSW4B",1,0.0,1.0,9,-50.5946972,0.001740140705,4.208373827E-08,9.628465554E-12,-1.572932628E-15,1.760666686E-19,-1.122015575E-23,3.788532883E-28,-6.4464883E-33,4.388474249E-38;
"OHRMGRD3",1,0.0,1.0,3,-2.93066,0.005811935,-0.0000001640022,4.256255E-12,,,,,,;
"OHRMGRD3",2,0.0,1.0,3,-2.925789,0.005806415,-0.0000001913333,2.38591E-11,,,,,,;
"OHRMGRD6",1,0.0,1.0,3,-2.937355,0.005829103,-0.0000002000555,2.761045E-11,,,,,,;
"OHRMGRD6",2,0.0,1.0,3,-2.924474,0.005804152,-0.0000001919479,2.389431E-11,,,,,,;
"OHRTHR02",1,0.0,1.0,3,59.88515,0.01918382,0.0000009319668,5.924641E-10,,,,,,;
"OHRTHR02",2,0.0,1.0,3,59.87903,0.019148,0.00000089713,0.00000000058369,,,,,,;
"OHRTHR03",1,0.0,1.0,3,59.82597,0.01920783,0.0000009065064,5.936031E-10,,,,,,;
"OHRTHR03",2,0.0,1.0,3,59.8663,0.01918871,0.0000009645124,5.623277E-10,,,,,,;
"OHRTHR04",1,0.0,1.0,3,59.88495,0.01920488,0.000000913779,5.820097E-10,,,,,,;
"OHRTHR04",2,0.0,1.0,3,59.86277,0.01918973,0.0000009645785,5.622472E-10,,,,,,;
"OHRTHR05",1,0.0,1.0,3,59.8478,0.0192767,0.0000008352723,6.223809E-10,,,,,,;
"OHRTHR05",2,0.0,1.0,3,59.85427,0.01922783,0.0000009106635,5.951611E-10,,,,,,;
"OHRTHR06",1,0.0,1.0,3,59.8588,0.01922008,0.0000009097362,5.813989E-10,,,,,,;
"OHRTHR06",2,0.0,1.0,3,59.80326,0.01923979,0.000000906732,5.947552E-10,,,,,,;
"OHRTHR07",1,0.0,1.0,3,59.83645,0.01924911,0.0000008542971,6.334189E-10,,,,,,;
"OHRTHR07",2,0.0,1.0,3,59.84844,0.01919444,0.000001030792,5.134436E-10,,,,,,;
"OHRTHR08",1,0.0,1.0,3,59.75356,0.01922813,0.0000009756708,5.458158E-10,,,,,,;
"OHRTHR08",2,0.0,1.0,3,59.91275,0.01923027,0.000000889384,5.899839E-10,,,,,,;
"OHRTHR09",1,0.0,1.0,3,59.9563,0.01924979,0.0000007797993,6.595355E-10,,,,,,;
"OHRTHR09",2,0.0,1.0,3,59.78373,0.01920007,0.0000009732562,5.647182E-10,,,,,,;
"OHRTHR10",1,0.0,1.0,3,59.76032,0.01925139,0.000000863543,6.357145E-10,,,,,,;
"OHRTHR10",2,0.0,1.0,3,59.86611,0.01919621,0.0000009633,5.621484E-10,,,,,,;
"OHRTHR11",1,0.0,1.0,3,59.78115,0.01920002,0.000000972876,5.511895E-10,,,,,,;
"OHRTHR11",2,0.0,1.0,3,59.70182,0.01927589,0.0000008520205,6.406181E-10,,,,,,;
"OHRTHR12",1,0.0,1.0,3,59.71822,0.01928603,0.0000007916297,6.770641E-10,,,,,,;
"OHRTHR12",2,0.0,1.0,3,59.79769,0.01921282,0.0000009226167,6.042765E-10,,,,,,;
"OHRTHR13",1,0.0,1.0,3,59.89373,0.01921496,0.0000009005613,5.790144E-10,,,,,,;
"OHRTHR13",2,0.0,1.0,3,59.81622,0.01925747,0.0000008434932,6.446258E-10,,,,,,;
"OHRTHR14",1,0.0,1.0,3,59.7829,0.01925084,0.0000008611368,6.350838E-10,,,,,,;
"OHRTHR14",2,0.0,1.0,3,59.74048,0.01922241,0.0000009222305,0.00000000059775,,,,,,;
"OHRTHR18",1,0.0,1.0,3,59.84009,0.01930098,0.0000007157494,7.041536E-10,,,,,,;
"OHRTHR18",2,0.0,1.0,3,59.94531,0.01920664,0.0000008960392,5.906813E-10,,,,,,;
"OHRTHR20",1,0.0,1.0,3,59.93462,0.01917911,0.000001029933,4.996928E-10,,,,,,;
"OHRTHR20",2,0.0,1.0,3,59.78927,0.0191971,0.0000009721875,5.642846E-10,,,,,,;
"OHRTHR21",1,0.0,1.0,3,59.90393,0.01921539,0.0000008551937,6.326594E-10,,,,,,;
"OHRTHR21",2,0.0,1.0,3,59.9207,0.01917787,0.0000009637182,5.617181E-10,,,,,,;
"OHRTHR22",1,0.0,1.0,3,59.87505,0.01925143,0.0000008370653,0.00000000062266,,,,,,;
"OHRTHR22",2,0.0,1.0,3,59.87939,0.0192146,0.00000090761,5.936467E-10,,,,,,;
"OHRTHR23",1,0.0,1.0,3,59.8551,0.01919784,0.0000009132224,5.819751E-10,,,,,,;
"OHRTHR23",2,0.0,1.0,3,59.88324,0.01926708,0.0000007797347,6.738153E-10,,,,,,;
"OHRTHR24",1,0.0,1.0,3,59.83953,0.01921326,0.0000009110749,5.816071E-10,,,,,,;
"OHRTHR24",2,0.0,1.0,3,59.80141,0.01928569,0.0000008323649,6.358269E-10,,,,,,;
"OHRTHR25",1,0.0,1.0,3,59.89296,0.0192435,0.0000008555213,6.334811E-10,,,,,,;
"OHRTHR25",2,0.0,1.0,3,59.89793,0.01923825,0.0000009089758,5.950522E-10,,,,,,;
"OHRTHR26",1,0.0,1.0,3,59.80433,0.01925629,0.0000008580202,6.345314E-10,,,,,,;
"OHRTHR26",2,0.0,1.0,3,59.83109,0.01920423,0.000001021363,5.112739E-10,,,,,,;
"OHRTHR27",1,0.0,1.0,3,59.86765,0.01920782,0.0000009651784,5.493039E-10,,,,,,;
"OHRTHR27",2,0.0,1.0,3,59.83784,0.01924338,0.0000008864556,0.00000000058974,,,,,,;
"OHRTHR29",1,0.0,1.0,3,59.86892,0.01922963,0.0000008577593,6.336258E-10,,,,,,;
"OHRTHR29",2,0.0,1.0,3,59.85144,0.01920539,0.000001024547,5.120677E-10,,,,,,;
"OHRTHR30",1,0.0,1.0,3,59.84747,0.01922058,0.0000009143091,5.823151E-10,,,,,,;
"OHRTHR30",2,0.0,1.0,3,59.80499,0.01922739,0.0000009107656,5.951789E-10,,,,,,;
"OHRTHR31",1,0.0,1.0,3,59.74051,0.01925917,0.0000008577393,6.344688E-10,,,,,,;
"OHRTHR31",2,0.0,1.0,3,59.79148,0.01923573,0.0000008992607,5.925342E-10,,,,,,;
"OHRTHR33",1,0.0,1.0,3,59.80385,0.01919361,0.000000972709,5.511538E-10,,,,,,;
"OHRTHR33",2,0.0,1.0,3,59.71546,0.01922774,0.0000009194039,5.975053E-10,,,,,,;
"OHRTHR34",1,0.0,1.0,3,59.77752,0.01925344,0.0000007864185,6.619047E-10,,,,,,;
"OHRTHR34",2,0.0,1.0,3,59.74099,0.01927728,0.0000008437643,6.385447E-10,,,,,,;
"OHRTHR35",1,0.0,1.0,3,59.7314,0.01924972,0.0000008728508,6.378085E-10,,,,,,;
"OHRTHR35",2,0.0,1.0,3,59.79176,0.01926367,0.0000008458819,6.449758E-10,,,,,,;
"OHRTHR36",1,0.0,1.0,3,59.74866,0.01923724,0.000000866606,6.359324E-10,,,,,,;
"OHRTHR36",2,0.0,1.0,3,59.88388,0.0192034,0.0000009047432,5.996701E-10,,,,,,;
"OHRTHR37",1,0.0,1.0,3,59.80932,0.01924084,0.0000008609795,6.346955E-10,,,,,,;
"OHRTHR37",2,0.0,1.0,3,59.76834,0.01926761,0.0000008391852,6.369028E-10,,,,,,;
"OHRTHR41",1,0.0,1.0,3,59.93507,0.01925909,0.0000007626312,6.693605E-10,,,,,,;
"OHRTHR41",2,0.0,1.0,3,59.85742,0.01922398,0.0000009058464,5.936203E-10,,,,,,;
"OHRTHR42",1,0.0,1.0,3,59.93637,0.01921407,0.0000009569019,5.409591E-10,,,,,,;
"OHRTHR42",2,0.0,1.0,3,59.81754,0.01923001,0.000000911105,5.951929E-10,,,,,,;
"OHRTHR43",1,0.0,1.0,3,59.87407,0.01921988,0.0000008980028,5.920361E-10,,,,,,;
"OHRTHR43",2,0.0,1.0,3,59.72299,0.0192463,0.0000009242873,5.992255E-10,,,,,,;
"OHRTHR44",1,0.0,1.0,3,59.85352,0.01924073,0.0000007989673,6.648437E-10,,,,,,;
"OHRTHR44",2,0.0,1.0,3,59.83272,0.0192521,0.0000008394221,6.432026E-10,,,,,,;
"OHRTHR45",1,0.0,1.0,3,59.87708,0.0192798,0.0000007227862,7.051184E-10,,,,,,;
"OHRTHR45",2,0.0,1.0,3,59.86679,0.01922421,0.0000009470756,0.00000000055215,,,,,,;
"OHRTHR46",1,0.0,1.0,3,59.8546,0.01920366,0.0000009162683,0.00000000058249,,,,,,;
"OHRTHR46",2,0.0,1.0,3,59.84577,0.01924533,0.0000008362054,6.424959E-10,,,,,,;
"OHRTHR47",1,0.0,1.0,3,59.85548,0.01921956,0.0000008532217,6.325051E-10,,,,,,;
"OHRTHR47",2,0.0,1.0,3,59.85041,0.01925204,0.000000831463,6.345944E-10,,,,,,;
"OHRTHR49",1,0.0,1.0,3,59.79017,0.01922357,0.000000966494,0.00000000054380,,,,,,;
"OHRTHR49",2,0.0,1.0,3,59.77697,0.0192705,0.0000008342234,6.359651E-10,,,,,,;
"OHRTHR50",1,0.0,1.0,3,59.81608,0.0192225,0.000000928938,5.858861E-10,,,,,,;
"OHRTHR50",2,0.0,1.0,3,59.84939,0.01923801,0.0000009072869,5.941308E-10,,,,,,;
"OHRTHR51",1,0.0,1.0,3,59.80368,0.01923197,0.0000008576877,6.340524E-10,,,,,,;
"OHRTHR51",2,0.0,1.0,3,59.83352,0.01921228,0.000001022828,5.117421E-10,,,,,,;
"OHRTHR52",1,0.0,1.0,3,59.97079,0.01922895,0.0000008416891,6.294844E-10,,,,,,;
"OHRTHR52",2,0.0,1.0,3,59.96547,0.01924576,0.0000008900205,5.902561E-10,,,,,,;
"OHRTHR53",1,0.0,1.0,3,59.86466,0.01922205,0.0000009153465,5.824838E-10,,,,,,;
"OHRTHR53",2,0.0,1.0,3,59.97329,0.01925239,0.0000008930977,0.00000000059092,,,,,,;
"OHRTHR54",1,0.0,1.0,3,59.75526,0.01920357,0.0000009830287,5.538688E-10,,,,,,;
"OHRTHR54",2,0.0,1.0,3,59.87613,0.01928139,0.0000008224095,6.329387E-10,,,,,,;
"OHRTHR55",1,0.0,1.0,3,59.84218,0.01920516,0.0000009086425,5.809673E-10,,,,,,;
"OHRTHR55",2,0.0,1.0,3,59.809,0.01923128,0.0000009117926,6.020017E-10,,,,,,;
"OHRTHR56",1,0.0,1.0,3,59.77235,0.01922248,0.0000009250619,5.849177E-10,,,,,,;
"OHRTHR56",2,0.0,1.0,3,59.88984,0.01924808,0.000000897984,5.924442E-10,,,,,,;
"OHRTHR57",1,0.0,1.0,3,59.75184,0.01920978,0.0000009748245,5.455309E-10,,,,,,;
"OHRTHR57",2,0.0,1.0,3,59.92528,0.01919076,0.000001006562,5.072769E-10,,,,,,;
"OHRTHR58",1,0.0,1.0,3,59.80071,0.01921159,0.0000009709516,5.444946E-10,,,,,,;
"OHRTHR58",2,0.0,1.0,3,59.78552,0.01928094,0.0000008308631,6.352095E-10,,,,,,;
"OHRTHR62",1,0.0,1.0,3,59.94115,0.01923749,0.0000007831394,6.602462E-10,,,,,,;
"OHRTHR62",2,0.0,1.0,3,59.94956,0.01927298,0.0000008127524,6.301703E-10,,,,,,;
"OOBAGRD3",1,0.0,1.0,3,-2.931976,0.005824182,-0.000000204391,2.732667E-11,,,,,,;
"OOBAGRD3",2,0.0,1.0,3,-2.928509,0.005803265,-0.0000001793367,1.448584E-11,,,,,,;
"OOBAGRD6",1,0.0,1.0,3,-2.931564,0.005826691,-0.0000002111729,3.189695E-11,,,,,,;
"OOBAGRD6",2,0.0,1.0,3,-2.923359,0.00580891,-0.0000001997454,2.457885E-11,,,,,,;
"OOBTHR02",1,0.0,1.0,3,2.279623,0.1135925,-0.00005358495,0.00000002709461,,,,,,;
"OOBTHR02",2,0.0,1.0,3,4.0312,0.1047779,-0.00003967015,0.00000001994867,,,,,,;
"OOBTHR03",1,0.0,1.0,3,2.69958,0.1124551,-0.00005226643,0.00000002647509,,,,,,;
"OOBTHR03",2,0.0,1.0,3,4.063472,0.10474,-0.00003966812,0.00000001993664,,,,,,;
"OOBTHR04",1,0.0,1.0,3,2.077456,0.1138248,-0.00005372633,0.00000002712859,,,,,,;
"OOBTHR04",2,0.0,1.0,3,4.089292,0.1048306,-0.0000396933,0.00000001995747,,,,,,;
"OOBTHR05",1,0.0,1.0,3,2.474133,0.1124983,-0.00005187873,0.00000002617655,,,,,,;
"OOBTHR05",2,0.0,1.0,3,3.928191,0.1048489,-0.00003970213,0.00000001996018,,,,,,;
"OOBTHR06",1,0.0,1.0,3,2.478425,0.1125757,-0.00005192308,0.00000002618956,,,,,,;
"OOBTHR06",2,0.0,1.0,3,3.905817,0.1048673,-0.00003969368,0.00000001996975,,,,,,;
"OOBTHR07",1,0.0,1.0,3,2.344345,0.1131078,-0.00005276901,0.00000002660372,,,,,,;
"OOBTHR07",2,0.0,1.0,3,4.143169,0.104752,-0.0000396516,0.00000001994716,,,,,,;
"OOBTHR08",1,0.0,1.0,3,2.520825,0.1124741,-0.00005186329,0.00000002617171,,,,,,;
"OOBTHR08",2,0.0,1.0,3,4.099823,0.1047117,-0.0000396504,0.00000001993398,,,,,,;
"OOBTHR09",1,0.0,1.0,3,2.516725,0.1126385,-0.00005235667,0.00000002651533,,,,,,;
"OOBTHR09",2,0.0,1.0,3,4.045325,0.104732,-0.00003965712,0.00000001993822,,,,,,;
"OOBTHR10",1,0.0,1.0,3,2.292386,0.1134796,-0.00005353576,0.00000002706026,,,,,,;
"OOBTHR10",2,0.0,1.0,3,4.043573,0.1047779,-0.00003966778,0.00000001994961,,,,,,;
"OOBTHR11",1,0.0,1.0,3,2.523192,0.1124802,-0.00005185889,0.00000002617889,,,,,,;
"OOBTHR11",2,0.0,1.0,3,4.025285,0.1047772,-0.00003967397,0.00000001994695,,,,,,;
"OOBTHR12",1,0.0,1.0,3,2.444375,0.1128713,-0.00005264846,0.00000002661602,,,,,,;
"OOBTHR12",2,0.0,1.0,3,4.074372,0.104704,-0.00003964494,0.00000001993352,,,,,,;
"OOBTHR13",1,0.0,1.0,3,2.587002,0.1123365,-0.00005219858,0.00000002654269,,,,,,;
"OOBTHR13",2,0.0,1.0,3,4.017294,0.1047795,-0.00003966596,0.00000001995084,,,,,,;
"OOBTHR14",1,0.0,1.0,3,2.241671,0.113729,-0.00005374501,0.00000002708414,,,,,,;
"OOBTHR14",2,0.0,1.0,3,4.10033,0.1047481,-0.00003967214,0.00000001993781,,,,,,;
"OOBTHR15",1,0.0,1.0,3,2.517964,0.1124669,-0.00005184273,0.00000002618154,,,,,,;
"OOBTHR15",2,0.0,1.0,3,4.126264,0.1047007,-0.00003964477,0.00000001993246,,,,,,;
"OOBTHR17",1,0.0,1.0,3,3.193822,0.1095836,-0.00004762708,0.00000002417477,,,,,,;
"OOBTHR17",2,0.0,1.0,3,4.0124,0.1048069,-0.00003966497,0.00000001996054,,,,,,;
"OOBTHR18",1,0.0,1.0,3,2.484506,0.1129511,-0.00005275285,0.00000002667481,,,,,,;
"OOBTHR18",2,0.0,1.0,3,4.024367,0.1047852,-0.00003966716,0.00000001995233,,,,,,;
"OOBTHR19",1,0.0,1.0,3,2.15984,0.1143502,-0.00005473595,0.00000002762186,,,,,,;
"OOBTHR19",2,0.0,1.0,3,4.125888,0.1046648,-0.00003961593,0.00000001993162,,,,,,;
"OOBTHR20",1,0.0,1.0,3,2.014136,0.1150042,-0.00005585661,0.00000002822928,,,,,,;
"OOBTHR20",2,0.0,1.0,3,4.13431,0.1046968,-0.0000396298,0.00000001993702,,,,,,;
"OOBTHR21",1,0.0,1.0,3,1.99824,0.1148865,-0.00005560326,0.00000002809109,,,,,,;
"OOBTHR21",2,0.0,1.0,3,2.53045,0.1126465,-0.00005216607,0.00000002636379,,,,,,;
"OOBTHR22",1,0.0,1.0,3,2.269985,0.1140147,-0.00005455501,0.00000002767183,,,,,,;
"OOBTHR22",2,0.0,1.0,3,1.862452,0.1164978,-0.00005876084,0.00000002988973,,,,,,;
"OOBTHR23",1,0.0,1.0,3,2.330196,0.1138245,-0.0000544326,0.00000002764595,,,,,,;
"OOBTHR23",2,0.0,1.0,3,2.628638,0.1123685,-0.00005165459,0.00000002589317,,,,,,;
"OOBTHR24",1,0.0,1.0,3,1.958024,0.1152237,-0.00005649537,0.00000002867087,,,,,,;
"OOBTHR24",2,0.0,1.0,3,1.760021,0.1164465,-0.00005869557,0.00000002990562,,,,,,;
"OOBTHR25",1,0.0,1.0,3,2.452242,0.1128555,-0.00005256041,0.00000002658008,,,,,,;
"OOBTHR25",2,0.0,1.0,3,1.836286,0.1164297,-0.00005870595,0.00000002988735,,,,,,;
"OOBTHR26",1,0.0,1.0,3,2.58966,0.1122524,-0.00005170485,0.00000002615395,,,,,,;
"OOBTHR26",2,0.0,1.0,3,2.639885,0.1123347,-0.00005195066,0.00000002632979,,,,,,;
"OOBTHR27",1,0.0,1.0,3,2.538884,0.1128203,-0.00005254665,0.00000002653363,,,,,,;
"OOBTHR27",2,0.0,1.0,3,2.658432,0.1123359,-0.00005197022,0.00000002631959,,,,,,;
"OOBTHR28",1,0.0,1.0,3,2.279999,0.1136229,-0.00005366241,0.00000002707829,,,,,,;
"OOBTHR28",2,0.0,1.0,3,2.927713,0.110255,-0.00004840468,0.000000024513,,,,,,;
"OOBTHR29",1,0.0,1.0,3,2.595664,0.1122763,-0.00005170623,0.00000002616503,,,,,,;
"OOBTHR29",2,0.0,1.0,3,3.300076,0.1085339,-0.0000451273,0.0000000223981,,,,,,;
"OOBTHR30",1,0.0,1.0,3,2.45783,0.1129222,-0.00005274767,0.00000002666135,,,,,,;
"OOBTHR30",2,0.0,1.0,3,1.815093,0.1165447,-0.0000588011,0.00000002988951,,,,,,;
"OOBTHR31",1,0.0,1.0,3,2.430122,0.1130201,-0.00005290563,0.00000002677388,,,,,,;
"OOBTHR31",2,0.0,1.0,3,3.970006,0.1048089,-0.00003968705,0.00000001995256,,,,,,;
"OOBTHR33",1,0.0,1.0,3,1.347669,0.1175885,-0.00005831151,0.00000002882159,,,,,,;
"OOBTHR33",2,0.0,1.0,3,1.913605,0.1165393,-0.00005878519,0.00000002989783,,,,,,;
"OOBTHR34",1,0.0,1.0,3,2.400107,0.1125659,-0.00005188401,0.00000002620709,,,,,,;
"OOBTHR34",2,0.0,1.0,3,2.521718,0.1125095,-0.00005204363,0.00000002636417,,,,,,;
"OOBTHR35",1,0.0,1.0,3,2.574131,0.1123295,-0.00005176198,0.00000002615955,,,,,,;
"OOBTHR35",2,0.0,1.0,3,1.792134,0.1165252,-0.00005878393,0.00000002988989,,,,,,;
"OOBTHR36",1,0.0,1.0,3,2.327734,0.1134711,-0.0000535447,0.00000002705486,,,,,,;
"OOBTHR36",2,0.0,1.0,3,1.784278,0.1165378,-0.00005877524,0.00000002990427,,,,,,;
"OOBTHR37",1,0.0,1.0,3,2.058415,0.1145374,-0.00005501876,0.00000002770267,,,,,,;
"OOBTHR37",2,0.0,1.0,3,1.794891,0.1164882,-0.00005874563,0.00000002989491,,,,,,;
"OOBTHR38",1,0.0,1.0,3,2.306292,0.1136331,-0.00005377042,0.00000002715991,,,,,,;
"OOBTHR38",2,0.0,1.0,3,1.792909,0.1165122,-0.00005876067,0.00000002989888,,,,,,;
"OOBTHR39",1,0.0,1.0,3,2.322587,0.1135655,-0.00005372282,0.00000002715332,,,,,,;
"OOBTHR39",2,0.0,1.0,3,1.820262,0.1165492,-0.00005878203,0.00000002990639,,,,,,;
"OOBTHR40",1,0.0,1.0,3,2.348758,0.1131263,-0.00005277033,0.00000002661227,,,,,,;
"OOBTHR40",2,0.0,1.0,3,1.782235,0.1165236,-0.00005876869,0.00000002990012,,,,,,;
"OOBTHR41",1,0.0,1.0,3,2.215229,0.1136763,-0.00005378302,0.00000002717332,,,,,,;
"OOBTHR41",2,0.0,1.0,3,1.728424,0.1165596,-0.00005877808,0.00000002991589,,,,,,;
"OOBTHR44",1,0.0,1.0,3,2.016496,0.1143032,-0.0000546469,0.00000002762777,,,,,,;
"OOBTHR44",2,0.0,1.0,3,1.700787,0.1166929,-0.00005885473,0.00000002994312,,,,,,;
"OOBTHR45",1,0.0,1.0,3,2.33715,0.112656,-0.00005196459,0.00000002620565,,,,,,;
"OOBTHR45",2,0.0,1.0,3,2.556848,0.112589,-0.00005214524,0.00000002634716,,,,,,;
"OOBTHR46",1,0.0,1.0,3,2.306769,0.1135496,-0.00005357807,0.00000002707582,,,,,,;
"OOBTHR46",2,0.0,1.0,3,3.160818,0.1087551,-0.00004532008,0.00000002249606,,,,,,;
"OOBTHR49",1,0.0,1.0,3,2.269897,0.113739,-0.00005374567,0.00000002708893,,,,,,;
"OOBTHR49",2,0.0,1.0,3,1.796083,0.116682,-0.00005886888,0.00000002992585,,,,,,;
"OOBTHR50",1,0.0,1.0,3,2.601384,0.1126899,-0.00005233845,0.00000002639897,,,,,,;
"OOBTHR50",2,0.0,1.0,3,1.787238,0.116642,-0.00005886218,0.00000002990561,,,,,,;
"OOBTHR51",1,0.0,1.0,3,2.401939,0.1136422,-0.00005364213,0.00000002708568,,,,,,;
"OOBTHR51",2,0.0,1.0,3,1.775911,0.1165409,-0.00005878528,0.00000002989878,,,,,,;
"OOBTHR52",1,0.0,1.0,3,2.213013,0.1137031,-0.00005371405,0.00000002708732,,,,,,;
"OOBTHR52",2,0.0,1.0,3,1.761804,0.1166053,-0.00005886754,0.00000002987075,,,,,,;
"OOBTHR53",1,0.0,1.0,3,2.347213,0.1132063,-0.00005296911,0.00000002683384,,,,,,;
"OOBTHR53",2,0.0,1.0,3,1.642702,0.1167749,-0.00005890887,0.00000002995467,,,,,,;
"OOBTHR54",1,0.0,1.0,3,2.587738,0.1123745,-0.00005179127,0.00000002616514,,,,,,;
"OOBTHR54",2,0.0,1.0,3,2.644144,0.1125909,-0.00005212984,0.00000002635657,,,,,,;
"OOBTHR62",1,0.0,1.0,3,2.653839,0.1123729,-0.00005221806,0.00000002654547,,,,,,;
"OOBTHR62",2,0.0,1.0,3,1.810336,0.1165484,-0.00005879069,0.00000002989951,,,,,,;
"OOBTHR63",1,0.0,1.0,3,2.426862,0.1129949,-0.00005279649,0.00000002667156,,,,,,;
"OOBTHR63",2,0.0,1.0,3,1.852104,0.1165789,-0.00005880162,0.00000002991061,,,,,,;
