
                  Time                     X                     Y                     Z                    Vx                    Vy                    Vz
                     D                     D                     D                     D                     D                     D                     D
                     s                     m                     m                     m                   m/s                   m/s                   m/s
      7.9833900000E+07      7.6798680394E+10     -9.1930023309E+10      1.5301715442E+10      3.3435124099E+04      1.8378098414E+04      2.7256732040E+04
      7.9834200000E+07      7.6788649856E+10     -9.1935535990E+10      1.5293538423E+10      3.3437617397E+04      1.8373111819E+04      2.7259225338E+04
      7.9834500000E+07      7.6778617823E+10     -9.1941047176E+10      1.5285359907E+10      3.3440110695E+04      1.8370618521E+04      2.7259225338E+04
      7.9834800000E+07      7.6768585790E+10     -9.1946558361E+10      1.5277182887E+10      3.3442603993E+04      1.8370618521E+04      2.7259225338E+04
      7.9835100000E+07      7.6758552261E+10     -9.1952069547E+10      1.5269004372E+10      3.3445097291E+04      1.8368125223E+04      2.7261718635E+04
      7.9835400000E+07      7.6748518731E+10     -9.1957579236E+10      1.5260825856E+10      3.3445097291E+04      1.8365631925E+04      2.7259225338E+04
      7.9835700000E+07      7.6738485202E+10     -9.1963088926E+10      1.5252648837E+10      3.3445097291E+04      1.8365631925E+04      2.7259225338E+04
      7.9836000000E+07      7.6728451673E+10     -9.1968598616E+10      1.5244470321E+10      3.3447590588E+04      1.8363138627E+04      2.7261718635E+04
      7.9836300000E+07      7.6718416648E+10     -9.1974106809E+10      1.5236291805E+10      3.3452577184E+04      1.8360645329E+04      2.7261718635E+04
      7.9836600000E+07      7.6708380127E+10     -9.1979615003E+10      1.5228113290E+10      3.3452577184E+04      1.8358152031E+04      2.7261718635E+04
      7.9836900000E+07      7.6698345102E+10     -9.1985121700E+10      1.5219934774E+10      3.3452577184E+04      1.8355658734E+04      2.7261718635E+04
      7.9837200000E+07      7.6688308580E+10     -9.1990628398E+10      1.5211756259E+10      3.3455070482E+04      1.8353165436E+04      2.7261718635E+04
      7.9837500000E+07      7.6678272059E+10     -9.1996133600E+10      1.5203577743E+10      3.3457563780E+04      1.8350672138E+04      2.7261718635E+04
      7.9837800000E+07      7.6668234042E+10     -9.2001638801E+10      1.5195399227E+10      3.3460057078E+04      1.8350672138E+04      2.7264211933E+04
      7.9838100000E+07      7.6658196025E+10     -9.2007144003E+10      1.5187219216E+10      3.3460057078E+04      1.8348178840E+04      2.7264211933E+04
      7.9838400000E+07      7.6648158008E+10     -9.2012647709E+10      1.5179040700E+10      3.3462550375E+04      1.8343192244E+04      2.7261718635E+04
      7.9838700000E+07      7.6638118495E+10     -9.2018149918E+10      1.5170862185E+10      3.3465043673E+04      1.8343192244E+04      2.7264211933E+04
      7.9839000000E+07      7.6628078982E+10     -9.2023653624E+10      1.5162682173E+10      3.3467536971E+04      1.8343192244E+04      2.7266705231E+04
      7.9839300000E+07      7.6618037973E+10     -9.2029155834E+10      1.5154502162E+10      3.3467536971E+04      1.8338205649E+04      2.7264211933E+04
      7.9839600000E+07      7.6607998460E+10     -9.2034656547E+10      1.5146323646E+10      3.3467536971E+04      1.8335712351E+04      2.7264211933E+04
      7.9839900000E+07      7.6597957451E+10     -9.2040157261E+10      1.5138143634E+10      3.3472523567E+04      1.8335712351E+04      2.7266705231E+04
      7.9840200000E+07      7.6587914945E+10     -9.2045657975E+10      1.5129963623E+10      3.3475016865E+04      1.8333219053E+04      2.7264211933E+04
      7.9840500000E+07      7.6577872440E+10     -9.2051157192E+10      1.5121785107E+10      3.3475016865E+04      1.8330725755E+04      2.7264211933E+04
      7.9840800000E+07      7.6567829935E+10     -9.2056656410E+10      1.5113605096E+10      3.3475016865E+04      1.8328232457E+04      2.7266705231E+04
      7.9841100000E+07      7.6557787430E+10     -9.2062154132E+10      1.5105425084E+10      3.3477510163E+04      1.8325739160E+04      2.7266705231E+04
      7.9841400000E+07      7.6547743429E+10     -9.2067651854E+10      1.5097245072E+10      3.3480003460E+04      1.8325739160E+04      2.7266705231E+04
      7.9841700000E+07      7.6537699428E+10     -9.2073149575E+10      1.5089065061E+10      3.3482496758E+04      1.8323245862E+04      2.7269198529E+04
      7.9842000000E+07      7.6527653931E+10     -9.2078645801E+10      1.5080883553E+10      3.3484990056E+04      1.8320752564E+04      2.7269198529E+04
      7.9842300000E+07      7.6517608434E+10     -9.2084142027E+10      1.5072703542E+10      3.3484990056E+04      1.8318259266E+04      2.7266705231E+04
      7.9842600000E+07      7.6507562937E+10     -9.2089636757E+10      1.5064523530E+10      3.3484990056E+04      1.8315765968E+04      2.7266705231E+04
      7.9842900000E+07      7.6497517440E+10     -9.2095131487E+10      1.5056343519E+10      3.3487483354E+04      1.8313272670E+04      2.7269198529E+04
      7.9843200000E+07      7.6487470447E+10     -9.2100624720E+10      1.5048162011E+10      3.3492469950E+04      1.8310779372E+04      2.7269198529E+04
      7.9843500000E+07      7.6477421958E+10     -9.2106117954E+10      1.5039982000E+10      3.3492469950E+04      1.8310779372E+04      2.7269198529E+04
      7.9843800000E+07      7.6467374965E+10     -9.2111611188E+10      1.5031800492E+10      3.3492469950E+04      1.8308286075E+04      2.7271691827E+04
      7.9844100000E+07      7.6457326476E+10     -9.2117102926E+10      1.5023618984E+10      3.3494963247E+04      1.8305792777E+04      2.7269198529E+04
      7.9844400000E+07      7.6447277987E+10     -9.2122594664E+10      1.5015438973E+10      3.3497456545E+04      1.8303299479E+04      2.7269198529E+04
      7.9844700000E+07      7.6437228002E+10     -9.2128084906E+10      1.5007257465E+10      3.3499949843E+04      1.8300806181E+04      2.7271691827E+04
      7.9845000000E+07      7.6427178017E+10     -9.2133575147E+10      1.4999075958E+10      3.3499949843E+04      1.8300806181E+04      2.7271691827E+04
      7.9845300000E+07      7.6417128032E+10     -9.2139065389E+10      1.4990894450E+10      3.3502443141E+04      1.8298312883E+04      2.7271691827E+04
      7.9845600000E+07      7.6407076551E+10     -9.2144554135E+10      1.4982712943E+10      3.3504936439E+04      1.8293326288E+04      2.7271691827E+04
      7.9845900000E+07      7.6397025070E+10     -9.2150041385E+10      1.4974531435E+10      3.3504936439E+04      1.8293326288E+04      2.7271691827E+04
      7.9846200000E+07      7.6386973590E+10     -9.2155530131E+10      1.4966349928E+10      3.3507429737E+04      1.8290832990E+04      2.7271691827E+04
      7.9846500000E+07      7.6376920613E+10     -9.2161015885E+10      1.4958168420E+10      3.3509923035E+04      1.8288339692E+04      2.7274185125E+04
      7.9846800000E+07      7.6366867636E+10     -9.2166503135E+10      1.4949985417E+10      3.3512416332E+04      1.8288339692E+04      2.7274185125E+04
      7.9847100000E+07      7.6356813163E+10     -9.2171988889E+10      1.4941803909E+10      3.3512416332E+04      1.8283353096E+04      2.7271691827E+04
      7.9847400000E+07      7.6346760186E+10     -9.2177473147E+10      1.4933622401E+10      3.3514909630E+04      1.8283353096E+04      2.7274185125E+04
      7.9847700000E+07      7.6336704217E+10     -9.2182958900E+10      1.4925439398E+10      3.3517402928E+04      1.8280859798E+04      2.7274185125E+04
      7.9848000000E+07      7.6326649744E+10     -9.2188441662E+10      1.4917257890E+10      3.3517402928E+04      1.8278366500E+04      2.7274185125E+04
      7.9848300000E+07      7.6316593775E+10     -9.2193925920E+10      1.4909074887E+10      3.3519896226E+04      1.8278366500E+04      2.7276678422E+04
      7.9848600000E+07      7.6306537806E+10     -9.2199408682E+10      1.4900891883E+10      3.3522389524E+04      1.8273379905E+04      2.7274185125E+04
      7.9848900000E+07      7.6296480342E+10     -9.2204889948E+10      1.4892710376E+10      3.3522389524E+04      1.8270886607E+04      2.7274185125E+04
      7.9849200000E+07      7.6286424373E+10     -9.2210371214E+10      1.4884527372E+10      3.3524882822E+04      1.8270886607E+04      2.7276678422E+04
      7.9849500000E+07      7.6276365412E+10     -9.2215852480E+10      1.4876344369E+10      3.3527376119E+04      1.8268393309E+04      2.7276678422E+04
      7.9849800000E+07      7.6266307947E+10     -9.2221332250E+10      1.4868161365E+10      3.3527376119E+04      1.8265900011E+04      2.7276678422E+04
      7.9850100000E+07      7.6256248986E+10     -9.2226812020E+10      1.4859978362E+10      3.3529869417E+04      1.8263406713E+04      2.7276678422E+04
      7.9850400000E+07      7.6246190025E+10     -9.2232290294E+10      1.4851795358E+10      3.3532362715E+04      1.8260913416E+04      2.7276678422E+04
      7.9850700000E+07      7.6236129569E+10     -9.2237768568E+10      1.4843612355E+10      3.3534856013E+04      1.8260913416E+04      2.7276678422E+04
      7.9851000000E+07      7.6226069112E+10     -9.2243246842E+10      1.4835429351E+10      3.3534856013E+04      1.8258420118E+04      2.7279171720E+04
      7.9851300000E+07      7.6216008655E+10     -9.2248723620E+10      1.4827244852E+10      3.3537349311E+04      1.8255926820E+04      2.7279171720E+04
      7.9851600000E+07      7.6205946702E+10     -9.2254200398E+10      1.4819061848E+10      3.3539842609E+04      1.8253433522E+04      2.7276678422E+04
      7.9851900000E+07      7.6195884749E+10     -9.2259675681E+10      1.4810878844E+10      3.3539842609E+04      1.8250940224E+04      2.7279171720E+04
      7.9852200000E+07      7.6185822797E+10     -9.2265150963E+10      1.4802694345E+10      3.3542335907E+04      1.8248446926E+04      2.7279171720E+04
      7.9852500000E+07      7.6175759348E+10     -9.2270624749E+10      1.4794511341E+10      3.3544829204E+04      1.8245953628E+04      2.7279171720E+04
      7.9852800000E+07      7.6165695899E+10     -9.2276098535E+10      1.4786326842E+10      3.3544829204E+04      1.8245953628E+04      2.7281665018E+04
      7.9853100000E+07      7.6155632450E+10     -9.2281572321E+10      1.4778142342E+10      3.3547322502E+04      1.8243460331E+04      2.7279171720E+04
      7.9853400000E+07      7.6145567506E+10     -9.2287044611E+10      1.4769959339E+10      3.3549815800E+04      1.8240967033E+04      2.7279171720E+04
      7.9853700000E+07      7.6135502561E+10     -9.2292516901E+10      1.4761774839E+10      3.3549815800E+04      1.8238473735E+04      2.7281665018E+04
      7.9854000000E+07      7.6125437616E+10     -9.2297987695E+10      1.4753590340E+10      3.3552309098E+04      1.8235980437E+04      2.7281665018E+04
      7.9854300000E+07      7.6115371175E+10     -9.2303458489E+10      1.4745405840E+10      3.3554802396E+04      1.8235980437E+04      2.7281665018E+04
      7.9854600000E+07      7.6105304735E+10     -9.2308929283E+10      1.4737221341E+10      3.3557295694E+04      1.8233487139E+04      2.7281665018E+04
      7.9854900000E+07      7.6095236798E+10     -9.2314398582E+10      1.4729036841E+10      3.3557295694E+04      1.8228500544E+04      2.7281665018E+04
      7.9855200000E+07      7.6085170357E+10     -9.2319866384E+10      1.4720852342E+10      3.3559788991E+04      1.8226007246E+04      2.7281665018E+04
      7.9855500000E+07      7.6075100925E+10     -9.2325334186E+10      1.4712667842E+10      3.3562282289E+04      1.8226007246E+04      2.7284158316E+04
      7.9855800000E+07      7.6065032988E+10     -9.2330801988E+10      1.4704481847E+10      3.3562282289E+04      1.8226007246E+04      2.7284158316E+04
      7.9856100000E+07      7.6054963555E+10     -9.2336269790E+10      1.4696297347E+10      3.3564775587E+04      1.8223513948E+04      2.7284158316E+04
      7.9856400000E+07      7.6044894123E+10     -9.2341736097E+10      1.4688111352E+10      3.3567268885E+04      1.8218527352E+04      2.7284158316E+04
      7.9856700000E+07      7.6034823194E+10     -9.2347200907E+10      1.4679926852E+10      3.3567268885E+04      1.8216034054E+04      2.7284158316E+04
      7.9857000000E+07      7.6024753761E+10     -9.2352665717E+10      1.4671740857E+10      3.3569762183E+04      1.8216034054E+04      2.7284158316E+04
      7.9857300000E+07      7.6014681337E+10     -9.2358130527E+10      1.4663556357E+10      3.3572255481E+04      1.8213540757E+04      2.7284158316E+04
      7.9857600000E+07      7.6004610408E+10     -9.2363593841E+10      1.4655370362E+10      3.3572255481E+04      1.8211047459E+04      2.7286651614E+04
      7.9857900000E+07      7.5994537983E+10     -9.2369057156E+10      1.4647184366E+10      3.3574748779E+04      1.8211047459E+04      2.7284158316E+04
      7.9858200000E+07      7.5984465559E+10     -9.2374520470E+10      1.4638999867E+10      3.3577242076E+04      1.8208554161E+04      2.7284158316E+04
      7.9858500000E+07      7.5974391638E+10     -9.2379982288E+10      1.4630813871E+10      3.3579735374E+04      1.8203567565E+04      2.7286651614E+04
      7.9858800000E+07      7.5964317717E+10     -9.2385442610E+10      1.4622627876E+10      3.3579735374E+04      1.8201074267E+04      2.7286651614E+04
      7.9859100000E+07      7.5954243797E+10     -9.2390902933E+10      1.4614441880E+10      3.3582228672E+04      1.8201074267E+04      2.7286651614E+04
      7.9859400000E+07      7.5944168380E+10     -9.2396363255E+10      1.4606255885E+10      3.3584721970E+04      1.8201074267E+04      2.7289144912E+04
      7.9859700000E+07      7.5934092964E+10     -9.2401823577E+10      1.4598068394E+10      3.3584721970E+04      1.8196087672E+04      2.7289144912E+04
      7.9860000000E+07      7.5924017547E+10     -9.2407280908E+10      1.4589882398E+10      3.3587215268E+04      1.8193594374E+04      2.7286651614E+04
      7.9860300000E+07      7.5913940635E+10     -9.2412739734E+10      1.4581696403E+10      3.3589708566E+04      1.8193594374E+04      2.7286651614E+04
      7.9860600000E+07      7.5903863722E+10     -9.2418197064E+10      1.4573510407E+10      3.3589708566E+04      1.8191101076E+04      2.7289144912E+04
      7.9860900000E+07      7.5893786809E+10     -9.2423654395E+10      1.4565322916E+10      3.3592201863E+04      1.8188607778E+04      2.7289144912E+04
      7.9861200000E+07      7.5883708401E+10     -9.2429110229E+10      1.4557136920E+10      3.3594695161E+04      1.8186114480E+04      2.7289144912E+04
      7.9861500000E+07      7.5873629992E+10     -9.2434566063E+10      1.4548949429E+10      3.3597188459E+04      1.8183621182E+04      2.7289144912E+04
      7.9861800000E+07      7.5863550088E+10     -9.2440020402E+10      1.4540763433E+10      3.3597188459E+04      1.8181127885E+04      2.7289144912E+04
      7.9862100000E+07      7.5853471679E+10     -9.2445474740E+10      1.4532575942E+10      3.3599681757E+04      1.8178634587E+04      2.7291638210E+04
      7.9862400000E+07      7.5843390279E+10     -9.2450927582E+10      1.4524388450E+10      3.3602175055E+04      1.8178634587E+04      2.7291638210E+04
      7.9862700000E+07      7.5833310374E+10     -9.2456381921E+10      1.4516200959E+10      3.3602175055E+04      1.8176141289E+04      2.7291638210E+04
      7.9863000000E+07      7.5823228974E+10     -9.2461833267E+10      1.4508013467E+10      3.3604668353E+04      1.8173647991E+04      2.7291638210E+04
      7.9863300000E+07      7.5813147573E+10     -9.2467286110E+10      1.4499825976E+10      3.3604668353E+04      1.8171154693E+04      2.7291638210E+04
      7.9863600000E+07      7.5803066173E+10     -9.2472735960E+10      1.4491638484E+10      3.3607161650E+04      1.8168661395E+04      2.7291638210E+04
      7.9863900000E+07      7.5792983276E+10     -9.2478187306E+10      1.4483450993E+10      3.3609654948E+04      1.8168661395E+04      2.7291638210E+04
      7.9864200000E+07      7.5782900380E+10     -9.2483637157E+10      1.4475263501E+10      3.3612148246E+04      1.8163674800E+04      2.7291638210E+04
      7.9864500000E+07      7.5772815987E+10     -9.2489085511E+10      1.4467076010E+10      3.3614641544E+04      1.8163674800E+04      2.7291638210E+04
      7.9864800000E+07      7.5762731595E+10     -9.2494535362E+10      1.4458888519E+10      3.3614641544E+04      1.8161181502E+04      2.7294131507E+04
      7.9865100000E+07      7.5752647202E+10     -9.2499982220E+10      1.4450699531E+10      3.3617134842E+04      1.8158688204E+04      2.7294131507E+04
      7.9865400000E+07      7.5742561314E+10     -9.2505430575E+10      1.4442512040E+10      3.3619628140E+04      1.8156194906E+04      2.7291638210E+04
      7.9865700000E+07      7.5732475425E+10     -9.2510875937E+10      1.4434324548E+10      3.3619628140E+04      1.8153701608E+04      2.7294131507E+04
      7.9866000000E+07      7.5722389537E+10     -9.2516322796E+10      1.4426135561E+10      3.3622121438E+04      1.8153701608E+04      2.7296624805E+04
      7.9866300000E+07      7.5712302153E+10     -9.2521768158E+10      1.4417946573E+10      3.3622121438E+04      1.8151208310E+04      2.7294131507E+04
      7.9866600000E+07      7.5702216264E+10     -9.2527213521E+10      1.4409759082E+10      3.3624614735E+04      1.8148715013E+04      2.7294131507E+04
      7.9866900000E+07      7.5692127384E+10     -9.2532657387E+10      1.4401570094E+10      3.3627108033E+04      1.8143728417E+04      2.7296624805E+04
      7.9867200000E+07      7.5682039999E+10     -9.2538099758E+10      1.4393381107E+10      3.3627108033E+04      1.8143728417E+04      2.7296624805E+04
      7.9867500000E+07      7.5671951119E+10     -9.2543543624E+10      1.4385192120E+10      3.3632094629E+04      1.8143728417E+04      2.7296624805E+04
      7.9867800000E+07      7.5661860743E+10     -9.2548985995E+10      1.4377003132E+10      3.3632094629E+04      1.8138741821E+04      2.7296624805E+04
      7.9868100000E+07      7.5651771862E+10     -9.2554426869E+10      1.4368814145E+10      3.3634587927E+04      1.8136248523E+04      2.7296624805E+04
      7.9868400000E+07      7.5641679990E+10     -9.2559867744E+10      1.4360625157E+10      3.3637081225E+04      1.8136248523E+04      2.7296624805E+04
      7.9868700000E+07      7.5631589613E+10     -9.2565308618E+10      1.4352436170E+10      3.3637081225E+04      1.8133755225E+04      2.7296624805E+04
      7.9869000000E+07      7.5621497741E+10     -9.2570747997E+10      1.4344247182E+10      3.3639574523E+04      1.8131261928E+04      2.7296624805E+04
      7.9869300000E+07      7.5611405869E+10     -9.2576187375E+10      1.4336058195E+10      3.3639574523E+04      1.8128768630E+04      2.7299118103E+04
      7.9869600000E+07      7.5601313996E+10     -9.2581625258E+10      1.4327867711E+10      3.3642067820E+04      1.8126275332E+04      2.7299118103E+04
      7.9869900000E+07      7.5591220628E+10     -9.2587063141E+10      1.4319678724E+10      3.3644561118E+04      1.8126275332E+04      2.7296624805E+04
      7.9870200000E+07      7.5581127260E+10     -9.2592501023E+10      1.4311489737E+10      3.3644561118E+04      1.8123782034E+04      2.7299118103E+04
      7.9870500000E+07      7.5571033891E+10     -9.2597937410E+10      1.4303299253E+10      3.3647054416E+04      1.8121288736E+04      2.7301611401E+04
      7.9870800000E+07      7.5560939027E+10     -9.2603373796E+10      1.4295108770E+10      3.3649547714E+04      1.8118795438E+04      2.7299118103E+04
      7.9871100000E+07      7.5550844163E+10     -9.2608808687E+10      1.4286919782E+10      3.3652041012E+04      1.8116302141E+04      2.7299118103E+04
      7.9871400000E+07      7.5540747802E+10     -9.2614243578E+10      1.4278729299E+10      3.3654534310E+04      1.8113808843E+04      2.7301611401E+04
      7.9871700000E+07      7.5530651442E+10     -9.2619676972E+10      1.4270538815E+10      3.3654534310E+04      1.8111315545E+04      2.7301611401E+04
      7.9872000000E+07      7.5520555082E+10     -9.2625110367E+10      1.4262348332E+10      3.3657027607E+04      1.8111315545E+04      2.7301611401E+04
      7.9872300000E+07      7.5510457226E+10     -9.2630543762E+10      1.4254157849E+10      3.3657027607E+04      1.8108822247E+04      2.7299118103E+04
      7.9872600000E+07      7.5500360865E+10     -9.2635975660E+10      1.4245968861E+10      3.3659520905E+04      1.8103835651E+04      2.7301611401E+04
      7.9872900000E+07      7.5490261513E+10     -9.2641406063E+10      1.4237776882E+10      3.3662014203E+04      1.8103835651E+04      2.7304104699E+04
      7.9873200000E+07      7.5480163657E+10     -9.2646837962E+10      1.4229586398E+10      3.3662014203E+04      1.8103835651E+04      2.7301611401E+04
      7.9873500000E+07      7.5470064304E+10     -9.2652268365E+10      1.4221395915E+10      3.3664507501E+04      1.8098849056E+04      2.7301611401E+04
      7.9873800000E+07      7.5459964952E+10     -9.2657697271E+10      1.4213205432E+10      3.3667000799E+04      1.8096355758E+04      2.7301611401E+04
      7.9874100000E+07      7.5449864104E+10     -9.2663126178E+10      1.4205014948E+10      3.3669494097E+04      1.8096355758E+04      2.7304104699E+04
      7.9874400000E+07      7.5439763256E+10     -9.2668555085E+10      1.4196822969E+10      3.3669494097E+04      1.8093862460E+04      2.7304104699E+04
      7.9874700000E+07      7.5429662408E+10     -9.2673982495E+10      1.4188632485E+10      3.3671987394E+04      1.8091369162E+04      2.7304104699E+04
      7.9875000000E+07      7.5419560063E+10     -9.2679409906E+10      1.4180440506E+10      3.3674480692E+04      1.8088875864E+04      2.7304104699E+04
      7.9875300000E+07      7.5409457719E+10     -9.2684835821E+10      1.4172250022E+10      3.3674480692E+04      1.8086382566E+04      2.7304104699E+04
      7.9875600000E+07      7.5399355375E+10     -9.2690261736E+10      1.4164058043E+10      3.3676973990E+04      1.8083889269E+04      2.7306597997E+04
      7.9875900000E+07      7.5389251535E+10     -9.2695686155E+10      1.4155866064E+10      3.3679467288E+04      1.8081395971E+04      2.7304104699E+04
      7.9876200000E+07      7.5379147695E+10     -9.2701110573E+10      1.4147675580E+10      3.3679467288E+04      1.8081395971E+04      2.7304104699E+04
      7.9876500000E+07      7.5369043854E+10     -9.2706534992E+10      1.4139483601E+10      3.3681960586E+04      1.8078902673E+04      2.7306597997E+04
      7.9876800000E+07      7.5358938518E+10     -9.2711957915E+10      1.4131291621E+10      3.3684453884E+04      1.8076409375E+04      2.7306597997E+04
      7.9877100000E+07      7.5348833182E+10     -9.2717380838E+10      1.4123099642E+10      3.3686947182E+04      1.8073916077E+04      2.7306597997E+04
      7.9877400000E+07      7.5338726350E+10     -9.2722802265E+10      1.4114907663E+10      3.3686947182E+04      1.8071422779E+04      2.7306597997E+04
      7.9877700000E+07      7.5328621014E+10     -9.2728223691E+10      1.4106715683E+10      3.3686947182E+04      1.8068929482E+04      2.7306597997E+04
      7.9878000000E+07      7.5318514182E+10     -9.2733643622E+10      1.4098523704E+10      3.3691933777E+04      1.8068929482E+04      2.7306597997E+04
      7.9878300000E+07      7.5308405853E+10     -9.2739065049E+10      1.4090331724E+10      3.3694427075E+04      1.8066436184E+04      2.7309091294E+04
      7.9878600000E+07      7.5298297525E+10     -9.2744483484E+10      1.4082138249E+10      3.3694427075E+04      1.8061449588E+04      2.7309091294E+04
      7.9878900000E+07      7.5288189197E+10     -9.2749901919E+10      1.4073946270E+10      3.3694427075E+04      1.8061449588E+04      2.7306597997E+04
      7.9879200000E+07      7.5278080869E+10     -9.2755320354E+10      1.4065754290E+10      3.3696920373E+04      1.8061449588E+04      2.7309091294E+04
      7.9879500000E+07      7.5267971045E+10     -9.2760738789E+10      1.4057560815E+10      3.3699413671E+04      1.8056462992E+04      2.7309091294E+04
      7.9879800000E+07      7.5257861221E+10     -9.2766154232E+10      1.4049368835E+10      3.3701906969E+04      1.8053969694E+04      2.7309091294E+04
      7.9880100000E+07      7.5247749901E+10     -9.2771571170E+10      1.4041175360E+10      3.3704400266E+04      1.8053969694E+04      2.7311584592E+04
      7.9880400000E+07      7.5237638581E+10     -9.2776986613E+10      1.4032981885E+10      3.3704400266E+04      1.8051476397E+04      2.7309091294E+04
      7.9880700000E+07      7.5227527261E+10     -9.2782402056E+10      1.4024789905E+10      3.3704400266E+04      1.8048983099E+04      2.7309091294E+04
      7.9881000000E+07      7.5217415941E+10     -9.2787816003E+10      1.4016596430E+10      3.3706893564E+04      1.8046489801E+04      2.7311584592E+04
      7.9881300000E+07      7.5207303124E+10     -9.2793229950E+10      1.4008402955E+10      3.3711880160E+04      1.8043996503E+04      2.7311584592E+04
      7.9881600000E+07      7.5197188812E+10     -9.2798642401E+10      1.4000209479E+10      3.3711880160E+04      1.8041503205E+04      2.7311584592E+04
      7.9881900000E+07      7.5187075996E+10     -9.2804054852E+10      1.3992016004E+10      3.3711880160E+04      1.8041503205E+04      2.7311584592E+04
      7.9882200000E+07      7.5176961684E+10     -9.2809467303E+10      1.3983822528E+10      3.3714373458E+04      1.8039009907E+04      2.7311584592E+04
      7.9882500000E+07      7.5166847372E+10     -9.2814878258E+10      1.3975629053E+10      3.3716866756E+04      1.8034023312E+04      2.7311584592E+04
      7.9882800000E+07      7.5156731564E+10     -9.2820287717E+10      1.3967435578E+10      3.3719360054E+04      1.8034023312E+04      2.7314077890E+04
      7.9883100000E+07      7.5146615756E+10     -9.2825698672E+10      1.3959240606E+10      3.3719360054E+04      1.8031530014E+04      2.7314077890E+04
      7.9883400000E+07      7.5136499948E+10     -9.2831106635E+10      1.3951047131E+10      3.3721853351E+04      1.8029036716E+04      2.7311584592E+04
      7.9883700000E+07      7.5126382644E+10     -9.2836516094E+10      1.3942853656E+10      3.3724346649E+04      1.8029036716E+04      2.7314077890E+04
      7.9884000000E+07      7.5116265340E+10     -9.2841924057E+10      1.3934658684E+10      3.3724346649E+04      1.8024050120E+04      2.7314077890E+04
      7.9884300000E+07      7.5106148036E+10     -9.2847330524E+10      1.3926465209E+10      3.3726839947E+04      1.8021556822E+04      2.7314077890E+04
      7.9884600000E+07      7.5096029236E+10     -9.2852736991E+10      1.3918270237E+10      3.3729333245E+04      1.8021556822E+04      2.7314077890E+04
      7.9884900000E+07      7.5085910436E+10     -9.2858143458E+10      1.3910076762E+10      3.3729333245E+04      1.8019063525E+04      2.7314077890E+04
      7.9885200000E+07      7.5075791636E+10     -9.2863548429E+10      1.3901881791E+10      3.3731826543E+04      1.8016570227E+04      2.7316571188E+04
      7.9885500000E+07      7.5065671340E+10     -9.2868953400E+10      1.3893686819E+10      3.3734319841E+04      1.8014076929E+04      2.7316571188E+04
      7.9885800000E+07      7.5055551044E+10     -9.2874356875E+10      1.3885491848E+10      3.3736813138E+04      1.8011583631E+04      2.7316571188E+04
      7.9886100000E+07      7.5045429253E+10     -9.2879760351E+10      1.3877296877E+10      3.3736813138E+04      1.8011583631E+04      2.7314077890E+04
      7.9886400000E+07      7.5035308957E+10     -9.2885163826E+10      1.3869103401E+10      3.3736813138E+04      1.8009090333E+04      2.7314077890E+04
      7.9886700000E+07      7.5025187165E+10     -9.2890565805E+10      1.3860908430E+10      3.3741799734E+04      1.8006597035E+04      2.7319064486E+04
      7.9887000000E+07      7.5015063877E+10     -9.2895967784E+10      1.3852711963E+10      3.3744293032E+04      1.8004103738E+04      2.7319064486E+04
      7.9887300000E+07      7.5004940589E+10     -9.2901368267E+10      1.3844516991E+10      3.3744293032E+04      1.8001610440E+04      2.7316571188E+04
      7.9887600000E+07      7.4994817301E+10     -9.2906768750E+10      1.3836322020E+10      3.3744293032E+04      1.7999117142E+04      2.7316571188E+04
      7.9887900000E+07      7.4984694013E+10     -9.2912167737E+10      1.3828127049E+10      3.3746786330E+04      1.7996623844E+04      2.7316571188E+04
      7.9888200000E+07      7.4974569229E+10     -9.2917566724E+10      1.3819932077E+10      3.3749279628E+04      1.7996623844E+04      2.7319064486E+04
      7.9888500000E+07      7.4964444445E+10     -9.2922965712E+10      1.3811735610E+10      3.3751772926E+04      1.7994130546E+04      2.7319064486E+04
      7.9888800000E+07      7.4954318165E+10     -9.2928363203E+10      1.3803540639E+10      3.3754266223E+04      1.7991637248E+04      2.7319064486E+04
      7.9889100000E+07      7.4944191885E+10     -9.2933760694E+10      1.3795344171E+10      3.3754266223E+04      1.7989143950E+04      2.7319064486E+04
      7.9889400000E+07      7.4934065606E+10     -9.2939156689E+10      1.3787149200E+10      3.3756759521E+04      1.7986650653E+04      2.7319064486E+04
      7.9889700000E+07      7.4923937830E+10     -9.2944552684E+10      1.3778952732E+10      3.3756759521E+04      1.7984157355E+04      2.7321557784E+04
      7.9890000000E+07      7.4913811550E+10     -9.2949947184E+10      1.3770756265E+10      3.3759252819E+04      1.7981664057E+04      2.7321557784E+04
      7.9890300000E+07      7.4903682278E+10     -9.2955341683E+10      1.3762559798E+10      3.3761746117E+04      1.7981664057E+04      2.7319064486E+04
      7.9890600000E+07      7.4893554502E+10     -9.2960736182E+10      1.3754364826E+10      3.3761746117E+04      1.7979170759E+04      2.7319064486E+04
      7.9890900000E+07      7.4883425230E+10     -9.2966129185E+10      1.3746168359E+10      3.3766732713E+04      1.7976677461E+04      2.7321557784E+04
      7.9891200000E+07      7.4873294463E+10     -9.2971522188E+10      1.3737971892E+10      3.3766732713E+04      1.7974184163E+04      2.7321557784E+04
      7.9891500000E+07      7.4863165191E+10     -9.2976913696E+10      1.3729775424E+10      3.3766732713E+04      1.7971690866E+04      2.7321557784E+04
      7.9891800000E+07      7.4853034423E+10     -9.2982305203E+10      1.3721578957E+10      3.3769226010E+04      1.7969197568E+04      2.7321557784E+04
      7.9892100000E+07      7.4842903655E+10     -9.2987695214E+10      1.3713382490E+10      3.3771719308E+04      1.7966704270E+04      2.7324051082E+04
      7.9892400000E+07      7.4832771391E+10     -9.2993085226E+10      1.3705184526E+10      3.3774212606E+04      1.7966704270E+04      2.7324051082E+04
      7.9892700000E+07      7.4822639128E+10     -9.2998475237E+10      1.3696988059E+10      3.3774212606E+04      1.7964210972E+04      2.7321557784E+04
      7.9893000000E+07      7.4812506864E+10     -9.3003863752E+10      1.3688791592E+10      3.3776705904E+04      1.7959224376E+04      2.7324051082E+04
      7.9893300000E+07      7.4802373104E+10     -9.3009250771E+10      1.3680593628E+10      3.3779199202E+04      1.7959224376E+04      2.7324051082E+04
      7.9893600000E+07      7.4792239344E+10     -9.3014639287E+10      1.3672397161E+10      3.3781692500E+04      1.7959224376E+04      2.7324051082E+04
      7.9893900000E+07      7.4782104089E+10     -9.3020026306E+10      1.3664199198E+10      3.3781692500E+04      1.7954237781E+04      2.7324051082E+04
      7.9894200000E+07      7.4771970329E+10     -9.3025411829E+10      1.3656002730E+10      3.3781692500E+04      1.7951744483E+04      2.7324051082E+04
      7.9894500000E+07      7.4761835073E+10     -9.3030797353E+10      1.3647804767E+10      3.3786679095E+04      1.7951744483E+04      2.7326544379E+04
      7.9894800000E+07      7.4751698321E+10     -9.3036182876E+10      1.3639606804E+10      3.3786679095E+04      1.7949251185E+04      2.7324051082E+04
      7.9895100000E+07      7.4741563066E+10     -9.3041566903E+10      1.3631410337E+10      3.3789172393E+04      1.7944264589E+04      2.7324051082E+04
      7.9895400000E+07      7.4731424818E+10     -9.3046949435E+10      1.3623212373E+10      3.3791665691E+04      1.7944264589E+04      2.7326544379E+04
      7.9895700000E+07      7.4721288066E+10     -9.3052333462E+10      1.3615014410E+10      3.3791665691E+04      1.7944264589E+04      2.7326544379E+04
      7.9896000000E+07      7.4711149819E+10     -9.3057715994E+10      1.3606816447E+10      3.3794158989E+04      1.7939277994E+04      2.7326544379E+04
      7.9896300000E+07      7.4701011571E+10     -9.3063097029E+10      1.3598618483E+10      3.3794158989E+04      1.7936784696E+04      2.7326544379E+04
      7.9896600000E+07      7.4690873323E+10     -9.3068478064E+10      1.3590420520E+10      3.3796652287E+04      1.7934291398E+04      2.7326544379E+04
      7.9896900000E+07      7.4680733579E+10     -9.3073857604E+10      1.3582222557E+10      3.3799145585E+04      1.7934291398E+04      2.7329037677E+04
      7.9897200000E+07      7.4670593836E+10     -9.3079238639E+10      1.3574023097E+10      3.3801638882E+04      1.7931798100E+04      2.7329037677E+04
      7.9897500000E+07      7.4660452596E+10     -9.3084616683E+10      1.3565825134E+10      3.3804132180E+04      1.7929304802E+04      2.7326544379E+04
      7.9897800000E+07      7.4650311356E+10     -9.3089996222E+10      1.3557627171E+10      3.3804132180E+04      1.7926811504E+04      2.7329037677E+04
      7.9898100000E+07      7.4640170117E+10     -9.3095372770E+10      1.3549427711E+10      3.3806625478E+04      1.7924318206E+04      2.7329037677E+04
      7.9898400000E+07      7.4630027381E+10     -9.3100750813E+10      1.3541229748E+10      3.3806625478E+04      1.7924318207E+04      2.7329037677E+04
      7.9898700000E+07      7.4619886142E+10     -9.3106127361E+10      1.3533030289E+10      3.3809118776E+04      1.7919331611E+04      2.7329037677E+04
      7.9899000000E+07      7.4609741910E+10     -9.3111502412E+10      1.3524832326E+10      3.3811612074E+04      1.7916838313E+04      2.7329037677E+04
      7.9899300000E+07      7.4599599174E+10     -9.3116877464E+10      1.3516632866E+10      3.3811612074E+04      1.7916838313E+04      2.7331530975E+04
      7.9899600000E+07      7.4589454943E+10     -9.3122252515E+10      1.3508433407E+10      3.3814105372E+04      1.7914345015E+04      2.7329037677E+04
      7.9899900000E+07      7.4579310711E+10     -9.3127626071E+10      1.3500235444E+10      3.3816598669E+04      1.7911851717E+04      2.7329037677E+04
      7.9900200000E+07      7.4569164983E+10     -9.3132999626E+10      1.3492035984E+10      3.3819091967E+04      1.7911851717E+04      2.7331530975E+04
      7.9900500000E+07      7.4559019256E+10     -9.3138373182E+10      1.3483836525E+10      3.3819091967E+04      1.7909358419E+04      2.7331530975E+04
      7.9900800000E+07      7.4548873528E+10     -9.3143745241E+10      1.3475637066E+10      3.3821585265E+04      1.7904371824E+04      2.7331530975E+04
      7.9901100000E+07      7.4538726305E+10     -9.3149115805E+10      1.3467437606E+10      3.3824078563E+04      1.7901878526E+04      2.7331530975E+04
      7.9901400000E+07      7.4528579081E+10     -9.3154486368E+10      1.3459238147E+10      3.3824078563E+04      1.7901878526E+04      2.7331530975E+04
      7.9901700000E+07      7.4518431858E+10     -9.3159856932E+10      1.3451038688E+10      3.3826571861E+04      1.7899385228E+04      2.7331530975E+04
      7.9902000000E+07      7.4508283138E+10     -9.3165225999E+10      1.3442839229E+10      3.3829065159E+04      1.7896891930E+04      2.7334024273E+04
      7.9902300000E+07      7.4498134418E+10     -9.3170595067E+10      1.3434638273E+10      3.3829065159E+04      1.7894398632E+04      2.7334024273E+04
      7.9902600000E+07      7.4487985699E+10     -9.3175962639E+10      1.3426438814E+10      3.3831558457E+04      1.7891905335E+04      2.7331530975E+04
      7.9902900000E+07      7.4477835483E+10     -9.3181330210E+10      1.3418239355E+10      3.3834051754E+04      1.7891905335E+04      2.7334024273E+04
      7.9903200000E+07      7.4467685268E+10     -9.3186697782E+10      1.3410038399E+10      3.3834051754E+04      1.7889412037E+04      2.7334024273E+04
      7.9903500000E+07      7.4457535052E+10     -9.3192063857E+10      1.3401838940E+10      3.3836545052E+04      1.7886918739E+04      2.7334024273E+04
      7.9903800000E+07      7.4447383341E+10     -9.3197429933E+10      1.3393637985E+10      3.3839038350E+04      1.7884425441E+04      2.7336517571E+04
      7.9904100000E+07      7.4437231629E+10     -9.3202794513E+10      1.3385437030E+10      3.3841531648E+04      1.7881932143E+04      2.7334024273E+04
      7.9904400000E+07      7.4427078422E+10     -9.3208159092E+10      1.3377237570E+10      3.3841531648E+04      1.7879438845E+04      2.7334024273E+04
      7.9904700000E+07      7.4416926710E+10     -9.3213522176E+10      1.3369036615E+10      3.3841531648E+04      1.7876945547E+04      2.7336517571E+04
      7.9905000000E+07      7.4406773503E+10     -9.3218885260E+10      1.3360835660E+10      3.3846518244E+04      1.7876945547E+04      2.7336517571E+04
      7.9905300000E+07      7.4396618799E+10     -9.3224248343E+10      1.3352634704E+10      3.3849011541E+04      1.7874452250E+04      2.7336517571E+04
      7.9905600000E+07      7.4386464096E+10     -9.3229609931E+10      1.3344433749E+10      3.3849011541E+04      1.7869465654E+04      2.7336517571E+04
      7.9905900000E+07      7.4376309392E+10     -9.3234970023E+10      1.3336232794E+10      3.3849011541E+04      1.7869465654E+04      2.7336517571E+04
      7.9906200000E+07      7.4366154689E+10     -9.3240331610E+10      1.3328031839E+10      3.3851504839E+04      1.7866972356E+04      2.7336517571E+04
      7.9906500000E+07      7.4355998490E+10     -9.3245690206E+10      1.3319830883E+10      3.3853998137E+04      1.7864479058E+04      2.7336517571E+04
      7.9906800000E+07      7.4345842290E+10     -9.3251050298E+10      1.3311629928E+10      3.3856491435E+04      1.7864479058E+04      2.7336517571E+04
      7.9907100000E+07      7.4335684595E+10     -9.3256408893E+10      1.3303428973E+10      3.3858984733E+04      1.7859492463E+04      2.7339010869E+04
      7.9907400000E+07      7.4325526899E+10     -9.3261765993E+10      1.3295226522E+10      3.3858984733E+04      1.7856999165E+04      2.7339010869E+04
      7.9907700000E+07      7.4315369204E+10     -9.3267123093E+10      1.3287025566E+10      3.3858984733E+04      1.7856999165E+04      2.7339010869E+04
      7.9908000000E+07      7.4305211508E+10     -9.3272480193E+10      1.3278823115E+10      3.3861478031E+04      1.7854505867E+04      2.7339010869E+04
      7.9908300000E+07      7.4295052317E+10     -9.3277835796E+10      1.3270622160E+10      3.3866464626E+04      1.7852012569E+04      2.7339010869E+04
      7.9908600000E+07      7.4284891630E+10     -9.3283191400E+10      1.3262419709E+10      3.3866464626E+04      1.7849519271E+04      2.7339010869E+04
      7.9908900000E+07      7.4274732438E+10     -9.3288545508E+10      1.3254218753E+10      3.3866464626E+04      1.7847025973E+04      2.7339010869E+04
      7.9909200000E+07      7.4264571751E+10     -9.3293899616E+10      1.3246016302E+10      3.3868957924E+04      1.7847025973E+04      2.7341504166E+04
      7.9909500000E+07      7.4254411064E+10     -9.3299253724E+10      1.3237813851E+10      3.3871451222E+04      1.7844532675E+04      2.7339010869E+04
      7.9909800000E+07      7.4244248880E+10     -9.3304606335E+10      1.3229612896E+10      3.3873944520E+04      1.7839546080E+04      2.7339010869E+04
      7.9910100000E+07      7.4234086697E+10     -9.3309957451E+10      1.3221410444E+10      3.3873944520E+04      1.7837052782E+04      2.7341504166E+04
      7.9910400000E+07      7.4223924513E+10     -9.3315308567E+10      1.3213207993E+10      3.3876437818E+04      1.7837052782E+04      2.7341504166E+04
      7.9910700000E+07      7.4213760834E+10     -9.3320659683E+10      1.3205005542E+10      3.3878931116E+04      1.7837052782E+04      2.7341504166E+04
      7.9911000000E+07      7.4203597155E+10     -9.3326010799E+10      1.3196803091E+10      3.3878931116E+04      1.7832066186E+04      2.7341504166E+04
      7.9911300000E+07      7.4193433475E+10     -9.3331358923E+10      1.3188600639E+10      3.3881424413E+04      1.7829572888E+04      2.7343997464E+04
      7.9911600000E+07      7.4183268300E+10     -9.3336708543E+10      1.3180396692E+10      3.3883917711E+04      1.7829572888E+04      2.7343997464E+04
      7.9911900000E+07      7.4173103125E+10     -9.3342056666E+10      1.3172194241E+10      3.3883917711E+04      1.7827079591E+04      2.7341504166E+04
      7.9912200000E+07      7.4162937950E+10     -9.3347404790E+10      1.3163991790E+10      3.3886411009E+04      1.7824586293E+04      2.7341504166E+04
      7.9912500000E+07      7.4152771278E+10     -9.3352751418E+10      1.3155789338E+10      3.3888904307E+04      1.7819599697E+04      2.7343997464E+04
      7.9912800000E+07      7.4142604607E+10     -9.3358096550E+10      1.3147585391E+10      3.3888904307E+04      1.7819599697E+04      2.7343997464E+04
      7.9913100000E+07      7.4132437936E+10     -9.3363443178E+10      1.3139382940E+10      3.3891397605E+04      1.7819599697E+04      2.7343997464E+04
      7.9913400000E+07      7.4122269768E+10     -9.3368788310E+10      1.3131178993E+10      3.3893890903E+04      1.7814613101E+04      2.7343997464E+04
      7.9913700000E+07      7.4112101601E+10     -9.3374131946E+10      1.3122976541E+10      3.3893890903E+04      1.7812119803E+04      2.7343997464E+04
      7.9914000000E+07      7.4101933434E+10     -9.3379475582E+10      1.3114772594E+10      3.3896384201E+04      1.7812119803E+04      2.7346490762E+04
      7.9914300000E+07      7.4091763771E+10     -9.3384819218E+10      1.3106568647E+10      3.3898877498E+04      1.7809626506E+04      2.7346490762E+04
      7.9914600000E+07      7.4081594107E+10     -9.3390161358E+10      1.3098364700E+10      3.3901370796E+04      1.7804639910E+04      2.7343997464E+04
      7.9914900000E+07      7.4071422948E+10     -9.3395502002E+10      1.3090162248E+10      3.3901370796E+04      1.7804639910E+04      2.7343997464E+04
      7.9915200000E+07      7.4061253285E+10     -9.3400844142E+10      1.3081958301E+10      3.3901370796E+04      1.7804639910E+04      2.7346490762E+04
      7.9915500000E+07      7.4051082126E+10     -9.3406184786E+10      1.3073754354E+10      3.3906357392E+04      1.7799653314E+04      2.7346490762E+04
      7.9915800000E+07      7.4040909470E+10     -9.3411523934E+10      1.3065550407E+10      3.3908850690E+04      1.7797160016E+04      2.7346490762E+04
      7.9916100000E+07      7.4030736815E+10     -9.3416863082E+10      1.3057346459E+10      3.3908850690E+04      1.7794666719E+04      2.7348984060E+04
      7.9916400000E+07      7.4020564160E+10     -9.3422200734E+10      1.3049141016E+10      3.3908850690E+04      1.7794666719E+04      2.7348984060E+04
      7.9916700000E+07      7.4010391505E+10     -9.3427539882E+10      1.3040937069E+10      3.3911343988E+04      1.7792173421E+04      2.7346490762E+04
      7.9917000000E+07      7.4000217354E+10     -9.3432876038E+10      1.3032733122E+10      3.3913837285E+04      1.7787186825E+04      2.7346490762E+04
      7.9917300000E+07      7.3990043202E+10     -9.3438212194E+10      1.3024529175E+10      3.3916330583E+04      1.7787186825E+04      2.7348984060E+04
      7.9917600000E+07      7.3979867555E+10     -9.3443548350E+10      1.3016323731E+10      3.3918823881E+04      1.7787186825E+04      2.7348984060E+04
      7.9917900000E+07      7.3969691908E+10     -9.3448884506E+10      1.3008119784E+10      3.3918823881E+04      1.7784693527E+04      2.7348984060E+04
      7.9918200000E+07      7.3959516261E+10     -9.3454219166E+10      1.2999914341E+10      3.3918823881E+04      1.7779706931E+04      2.7348984060E+04
      7.9918500000E+07      7.3949340614E+10     -9.3459552330E+10      1.2991710394E+10      3.3921317179E+04      1.7777213634E+04      2.7348984060E+04
      7.9918800000E+07      7.3939163471E+10     -9.3464885494E+10      1.2983504951E+10      3.3926303775E+04      1.7777213634E+04      2.7351477358E+04
      7.9919100000E+07      7.3928984831E+10     -9.3470218658E+10      1.2975299507E+10      3.3926303775E+04      1.7774720336E+04      2.7348984060E+04
      7.9919400000E+07      7.3918807688E+10     -9.3475550326E+10      1.2967095560E+10      3.3926303775E+04      1.7772227038E+04      2.7348984060E+04
      7.9919700000E+07      7.3908629049E+10     -9.3480881994E+10      1.2958890117E+10      3.3928797073E+04      1.7769733740E+04      2.7351477358E+04
